! Rej Type Stn UTC               RA          Dec       ResRA                  ResDec                 ResAT                  ResCT                  ResT                   SigRA                  SigDec                 Corr                   dRA                    dDec                   BiasRA                 BiasDec                   Mag    ResMag     Azimuth                Elevation              AzRes                  ElRes
  A   S    C51 2459901.789343  343.938763    5.654910  5.638107279918523E-03 -1.360339606629086E-01  0.000000000000000E+00  0.000000000000000E+00  0.000000000000000E+00  1.000000021954829E+00  1.000000021954829E+00  2.067951485981048E-25  0.000000000000000E+00  0.000000000000000E+00 -7.738650715479092E-02  1.025066551943062E-01                   -5.729577951308232E+91 -5.729577951308232E+91  0.000000000000000E+00  0.000000000000000E+00
  A   S    C51 2459901.724145  344.090622    5.726810  3.363055244827677E-01 -2.209044216707883E-01  0.000000000000000E+00  0.000000000000000E+00  0.000000000000000E+00  1.000000021926757E+00  1.000000021926757E+00 -2.067951486039100E-25  0.000000000000000E+00  0.000000000000000E+00 -7.738616086013292E-02  1.025055823948668E-01                   -5.729577951308232E+91 -5.729577951308232E+91  0.000000000000000E+00  0.000000000000000E+00
  A   S    C51 2459901.593878  344.393601    5.870072  2.665571119990775E-01 -2.389476900921317E-01  0.000000000000000E+00  0.000000000000000E+00  0.000000000000000E+00  1.000000021869752E+00  1.000000021869752E+00  4.135902972313968E-25  0.000000000000000E+00  0.000000000000000E+00 -7.738546895599296E-02  1.025034389186210E-01                   -5.729577951308232E+91 -5.729577951308232E+91  0.000000000000000E+00  0.000000000000000E+00
  A   C    G96 2459900.667783  346.535308    6.872589  3.982209513528214E-01  2.671253135730633E-01 -4.734728984519057E-01 -7.588987863612046E-02 -4.432598598587654E+00  5.093233383746656E-01  5.019955199824264E-01  1.696534709994408E-02 -9.700628925032397E-02 -4.471531307539012E-02  0.000000000000000E+00  0.000000000000000E+00     19.86G  0.04   2.188709911997344E+02  5.902390555746113E+01 -1.940181160959046E-01  4.385120635449846E-01
  A   C    G96 2459900.662595  346.547354    6.878050 -6.449791941455786E-02 -1.273419036067800E-01  1.118675771790667E-01  8.866559196830992E-02  1.047234034023053E+00  5.093257689565226E-01  5.019942976571130E-01  1.696233132959479E-02 -9.701905003288699E-02 -4.470158863384039E-02  0.000000000000000E+00  0.000000000000000E+00     19.90G  0.08   2.157161024116011E+02  5.999257050830110E+01 -7.292565261872691E-03 -1.425579198603226E-01
  A   C    G96 2459900.657436  346.559492    6.883589  3.794010802103757E-02 -1.235503147254113E-01  1.722307684761873E-02  1.280917549622036E-01  1.612257582438388E-01  5.093277987164839E-01  5.019930666556078E-01  1.695892125249748E-02 -9.702970522795133E-02 -4.468776254799103E-02  0.000000000000000E+00  0.000000000000000E+00     19.86G  0.04   2.124050256357434E+02  6.088363201994378E+01 -9.011985407662773E-02 -9.264202052311063E-02
  A   C    G96 2459900.652260  346.571625    6.889131 -2.196408641706806E-02 -1.692415096870972E-01  9.072557993750668E-02  1.445474968247715E-01  8.492684280231285E-01  5.093294583516632E-01  5.019918257271491E-01  1.695513911080623E-02 -9.703841662551613E-02 -4.467382067010806E-02  0.000000000000000E+00  0.000000000000000E+00     20.00G  0.18   2.089080049820612E+02  6.169808972086743E+01 -4.962885493885374E-02 -1.632852915934757E-01
  A   C    F52 2459894.718647  359.605183   12.583886 -2.842645953107201E-02  5.835672371848499E-02  4.558419170307679E-03 -6.475176923679410E-02  4.947235744240155E-02  5.072516749972852E-01  5.011843202887937E-01  1.157580786390256E-02 -8.546476806530444E-02 -3.443381617313122E-02  0.000000000000000E+00  0.000000000000000E+00     20.08w  0.24   1.028357537387108E+02  6.288356507790646E+01 -4.447115760014705E-02  4.728516623995017E-02
  A   C    F52 2459894.712249  359.618679   12.589214  1.245559094408946E-01  1.970242606302492E-01 -1.891524535437754E-01 -1.362133736896441E-01 -2.054189792641762E+00  5.072427556013859E-01  5.011824238024376E-01  1.155960495273721E-02 -8.541181365879458E-02 -3.440620192470416E-02  0.000000000000000E+00  0.000000000000000E+00     20.07w  0.23   1.011603175146191E+02  6.075981781616166E+01 -2.275851195624883E-01 -5.037605787858757E-02
  A   C    F52 2459894.705917  359.632058   12.594453  3.837827314150173E-01  2.270376216566891E-01 -4.408146479724608E-01 -6.721393243080398E-02 -4.790418350506296E+00  5.072334757146131E-01  5.011805716401012E-01  1.154333556623054E-02 -8.535668513556510E-02 -3.437921176094305E-02  0.000000000000000E+00  0.000000000000000E+00     20.19w  0.35   9.967191506187127E+01  5.864635524673513E+01 -3.398179523410443E-01 -2.887196319046244E-01
  A   C    F52 2459885.808749   15.590542   18.195442 -1.736875815992154E-01  6.173373489515203E-02  1.487595733938414E-01 -1.088532009155970E-01  2.325480415798733E+00  5.037430260801430E-01  5.003349803669457E-01  4.451630675420563E-03 -6.129448237125441E-02 -1.830491255298138E-02  0.000000000000000E+00  0.000000000000000E+00     19.62i -0.14   9.408439600199901E+01  7.152971018762230E+01 -2.872433591690076E-02  1.820805935625212E-01
  A   C    F52 2459885.796067   15.610267   18.200903  1.138842749452998E-01 -3.213114724612187E-01 -1.733861635951324E-02  3.404556693576284E-01 -2.714403705976909E-01  5.037332278107017E-01  5.003329561398472E-01  4.432424496314278E-03 -6.121390414803926E-02 -1.824950026974282E-02  0.000000000000000E+00  0.000000000000000E+00     19.54i -0.23   9.185060227264429E+01  6.723579086089224E+01  2.967847762769211E-01 -1.677184753854973E-01
  A   C    F52 2459885.783418   15.629700   18.206533 -3.305332763451052E-01  1.771703073423876E-02  3.117406768794638E-01 -1.112829291859328E-01  4.888097441613555E+00  5.037224050985346E-01  5.003309841629527E-01  4.412951989070529E-03 -6.112477954448631E-02 -1.819535626413433E-02  0.000000000000000E+00  0.000000000000000E+00     19.78i  0.01   9.006111221144768E+01  6.294816739170851E+01  3.865009930762360E-02  3.287435319108238E-01
  A   C    703 2459882.735715   19.942725   19.393731 -1.326058370429512E+00  6.908722372298849E-02  1.264022948197390E+00 -4.067552491342915E-01  2.296870581339742E+01  2.000707252831878E+00  2.000049772312285E+00  1.875579702812879E-04 -5.319297219260530E-02 -1.410930483840890E-02  0.000000000000000E+00  0.000000000000000E+00     20.03G  0.13   1.503471768759424E+02  7.541116893007468E+01  1.157667179472127E+00  6.503926105390136E-01
  A   C    703 2459882.730447   19.949942   19.395589 -1.045846532263021E+00  3.364781481973057E-01  9.247857904588659E-01 -5.931136105555531E-01  1.681187626653606E+01  2.000706725975533E+00  2.000049625071228E+00  1.872105932463546E-04 -5.317315230385321E-02 -1.408841757446812E-02  0.000000000000000E+00  0.000000000000000E+00     19.65G -0.25   1.442656242338674E+02  7.454150490414051E+01  7.147278009093938E-01  8.343720296539096E-01
  A   C    703 2459882.725174   19.957246   19.397331 -4.824603790797823E-01  1.872276591350382E-01  4.184969907008850E-01 -3.044379780863364E-01  7.611530784247734E+00  2.000706159473811E+00  2.000049479242090E+00  1.868604087655347E-04 -5.315183274581937E-02 -1.406770003746601E-02  0.000000000000000E+00  0.000000000000000E+00     19.51G -0.39   1.388196723818148E+02  7.353897864135696E+01  2.788992790829598E-01  4.359327997003517E-01
  A   C    703 2459882.719900   19.964533   19.398989  2.941934608184917E-02 -2.538195833949943E-01  3.643765725859083E-02  2.529074454661182E-01  6.630479739775162E-01  2.000705556609471E+00  2.000049334975273E+00  1.865081590044119E-04 -5.312913533465082E-02 -1.404717439288777E-02  0.000000000000000E+00  0.000000000000000E+00     19.81G -0.09   1.339735660166262E+02  7.242699061721646E+01  1.412705509938076E-01 -2.129143261048249E-01
  A   C    K88 2459880.437590   22.823708   20.097583 -3.526358181405238E-01  1.837507202863337E-01  2.992282160416559E-01 -2.618755852803219E-01  6.139544937879391E+00  1.001120750120678E+00  1.000066325570323E+00  5.447648519302003E-04 -4.735756929076969E-02 -1.151688268013169E-02  0.000000000000000E+00  0.000000000000000E+00     19.2 G -0.78   2.007755863487843E+02  6.101199045305924E+01  3.876043951725167E-01  8.876474685551955E-02
  A   C    K88 2459880.435180   22.826792   20.098111  2.028775275298942E-01 -3.156713998405948E-01 -1.225850204231650E-01  3.546556592271098E-01 -2.515447754524117E+00  1.001120594116069E+00  1.000066239704671E+00  5.443742758008806E-04 -4.735427132266040E-02 -1.150942423538996E-02  0.000000000000000E+00  0.000000000000000E+00     19.6 G -0.38   1.991310401352989E+02  6.121218500154576E+01 -2.709003705762028E-01 -2.596549885442831E-01
  A   C    K88 2459880.432780   22.829542   20.098917 -3.269570607527063E-01  1.964309094960163E-01  2.713527879329599E-01 -2.680553790963560E-01  5.568726010683191E+00  1.001120443778398E+00  1.000066151462246E+00  5.439751181261205E-04 -4.735109293866517E-02 -1.150175429818831E-02  0.000000000000000E+00  0.000000000000000E+00     19.5 G -0.48   1.974760847966478E+02  6.139590554972761E+01  3.613713608718520E-01  1.220522892993378E-01
  A   C    G96 2459877.756997   25.808296   20.748089 -3.133033434314687E-01 -3.999017763459849E-02  3.148419356330247E-01 -2.515461944522108E-02  7.407512412049077E+00  5.017274645804276E-01  5.000760847613918E-01  1.446096188941092E-03 -4.159848658082456E-02 -8.722151213626768E-03  0.000000000000000E+00  0.000000000000000E+00     19.73G -0.40   1.377030762323479E+02  7.496126875494832E+01  2.729420256055239E-01  1.589366224978294E-01
  A   C    G96 2459877.751740   25.813933   20.749200 -2.399633022363551E-01 -1.396703512002671E-03  2.351579809707078E-01 -4.780231361196831E-02  5.535608793709629E+00  5.017258994702510E-01  5.000757773498711E-01  1.442521436796235E-03 -4.157960527674359E-02 -8.704508476369480E-03  0.000000000000000E+00  0.000000000000000E+00     19.81G -0.32   1.326008476464447E+02  7.382858079563378E+01  1.800303357550679E-01  1.586613229770741E-01
  A   C    G96 2459877.746469   25.819667   20.750289  1.143893637458274E-01 -4.533615702879626E-02 -1.026935843451425E-01  6.778142375800321E-02 -2.418734167724225E+00  5.017242245835321E-01  5.000754715801897E-01  1.438913166850617E-03 -4.155939020152424E-02 -8.686924434186533E-03  0.000000000000000E+00  0.000000000000000E+00     19.76G -0.37   1.281158457113652E+02  7.260147274984882E+01 -4.816100885188358E-02 -1.132290196845889E-01
  A   C    G96 2459877.741198   25.825292   20.751400  1.133326684430255E-01 -1.297371594751443E-03 -1.106770272540885E-01  2.442483464978583E-02 -2.608267731720829E+00  5.017224608875045E-01  5.000751684106118E-01  1.435289474076877E-03 -4.153809267683168E-02 -8.669454718574828E-03  0.000000000000000E+00  0.000000000000000E+00     19.83G -0.30   1.241737524310045E+02  7.130123696817779E+01 -7.426434858908219E-02 -8.561999438295921E-02
  A   C    F52 2459870.053097   32.397333   21.844803  2.072459531492222E-01  1.110425256165241E-01 -2.204952698939791E-01 -8.162820313107058E-02 -7.967166984913058E+00  3.012500468178060E-01  3.000239349807205E-01  1.149103369393052E-03 -2.741497793034337E-02 -3.788386002842206E-03  0.000000000000000E+00  0.000000000000000E+00     20.57w -0.43   2.788186439486106E+02  5.636170113507439E+01  9.330691820097656E-02  2.158127582139102E-01
  A   C    F52 2459870.039591   32.406896   21.846050  1.241697302040491E-01  1.937861024891221E-01 -1.492957171252538E-01 -1.751626794295151E-01 -5.390294924571696E+00  3.012524534324227E-01  3.000235155232632E-01  1.140073587849749E-03 -2.744141054961651E-02 -3.755020750457176E-03  0.000000000000000E+00  0.000000000000000E+00     20.57w -0.43   2.782020915430844E+02  6.088103275330326E+01  1.858423748202621E-01  1.357710835863179E-01
  A   C    F52 2459870.012557   32.426071   21.848378 -2.034237460875752E-03 -1.269840365285179E-01  1.889356732913981E-02  1.255870883837286E-01  6.815581230244384E-01  3.012555333898459E-01  3.000226399519677E-01  1.120001825298423E-03 -2.747520200711021E-02 -3.684401047523448E-03  0.000000000000000E+00  0.000000000000000E+00     20.89w -0.12   2.774744478590851E+02  6.994361179987331E+01 -1.269613791644866E-01 -3.145132082087095E-03
  A   C    G96 2459869.855077   32.534717   21.861000  2.927477000346381E-01  2.031009334816351E-01 -3.164539629859953E-01 -1.637317756794338E-01 -1.154145848251054E+01  5.007388046055605E-01  5.000124640408867E-01  3.832615000840405E-04 -2.719082277941769E-02 -3.529107798720568E-03  0.000000000000000E+00  0.000000000000000E+00     20.29G -0.61   2.227981119635488E+02  7.626435219264276E+01 -1.049437489428606E-01  3.404967174800709E-01
  A   C    G96 2459869.849925   32.538283   21.861361  9.560753475640565E-02 -6.705944042112155E-02 -8.621756760840833E-02  7.876738085959697E-02 -3.145030327868017E+00  5.007386250813493E-01  5.000123706564197E-01  3.817757359792645E-04 -2.718751655668991E-02 -3.515852330945545E-03  0.000000000000000E+00  0.000000000000000E+00     20.31G -0.59   2.166538916490154E+02  7.727072061464747E+01 -1.166938334031605E-01 -4.507604408740415E-03
  A   C    G96 2459869.844777   32.541883   21.861850  2.091465324393926E-02  1.299451067609954E-01 -3.734865086105232E-02 -1.262070987318064E-01 -1.362694572732977E+00  5.007383926232355E-01  5.000122763469070E-01  3.802569311609410E-04 -2.718323486276763E-02 -3.502414641129774E-03  0.000000000000000E+00  0.000000000000000E+00     20.40G -0.50   2.096175929107380E+02  7.813130195214221E+01  3.960377089785234E-02  1.255177072056088E-01
  A   C    F51 2457584.046070  320.089368  -13.356251 -1.343878230357618E-01 -8.938847400042228E-03  1.319199363212475E-01 -2.714996084952038E-02  2.875174965801869E+00  2.048318572120292E-01  2.003724686136728E-01  1.315889185721688E-02 -4.422758443942717E-02 -1.221129291904925E-02 -5.093703877063241E-03  1.143614259805852E-01     21.0 w -0.12   2.014569523584077E+02  5.374007540549695E+01  1.226091632244404E-01 -5.574031814284951E-02
  A   C    F51 2457584.021340  320.116385  -13.349015 -1.860929925738047E-02 -8.649492789163754E-02  4.101479959628723E-02  7.839301489231497E-02  8.928537698391379E-01  2.048412638353526E-01  2.003753042873574E-01  1.322114808281344E-02 -4.427112895598784E-02 -1.225773460408550E-02 -5.093666638184682E-03  1.143610149987773E-01     21.0 w -0.12   1.867464953005200E+02  5.580143368868827E+01  8.635396208453532E-03 -8.805173764435795E-02
  A   C    F51 2457584.008960  320.129922  -13.345343  5.706042657575919E-02  1.642737007689317E-02 -5.937519262924938E-02 -5.807485603445423E-04 -1.292033979247454E+00  2.048439114790707E-01  2.003767419167673E-01  1.324987024893350E-02 -4.428337787370327E-02 -1.228121276742026E-02 -5.093647996157963E-03  1.143608092585901E-01     21.0 w -0.12   1.789684035832482E+02  5.601452806609459E+01 -5.732046786667194E-02  1.549563590886339E-02
  A   C    G96 2457581.867230  322.452375  -12.694712  2.943334142702813E-02  1.681205912487147E-01 -7.460179585682847E-02 -1.535103476783032E-01 -1.568076865698605E+00  5.020873497600213E-01  5.001716992942175E-01  2.386482931938382E-03 -4.573505954821607E-02 -1.310410842834974E-02  1.495841287338558E-03 -3.516421100850519E-02     20.4 V -0.84   1.656227549867392E+02  4.381440866120455E+01 -6.469770324673164E-02  1.579400581997401E-01
  A   C    G96 2457581.858900  322.461750  -12.692074  5.336485659194960E-02  2.369754274042189E-01 -1.166389088817783E-01 -2.130739919543438E-01 -2.451714427055492E+00  5.020868996559082E-01  5.001720639253086E-01  2.388758481790315E-03 -4.573011793784731E-02 -1.311801859391633E-02  1.495840603149654E-03 -3.516418318482180E-02     20.7 V -0.54   1.616883652937649E+02  4.310038094585135E+01 -1.155416876045043E-01  2.136709609151516E-01
  A   C    G96 2457581.850450  322.471166  -12.689407 -2.453773359627709E-01  2.597992691682595E-01  1.641249572601695E-01 -3.174408538120068E-01  3.450117014755089E+00  5.020861950762755E-01  5.001724298443276E-01  2.390894792162899E-03 -4.572238143798250E-02 -1.313196308887259E-02  1.495839909104488E-03 -3.516415496031710E-02                    1.578131644271375E+02  4.220894784870469E+01  1.473915280506420E-01  3.255478992775074E-01
  A   C    G96 2457581.842120  322.480791  -12.686907  6.682647054957983E-01 -1.912804160870193E-01 -5.893723494815237E-01  3.685188568532659E-01 -1.239090907222474E+01  5.020852774728466E-01  5.001727862390496E-01  2.392840108205639E-03 -4.571230393310403E-02 -1.314553041992350E-02  1.495839224915622E-03 -3.516412713663526E-02     20.9 V -0.34   1.541220312874847E+02  4.117422373374894E+01 -5.470471736295943E-01 -4.288418170067028E-01
  A   C    926 2457555.916630  352.272852   -3.053606  3.665842703184384E-01 -4.716311449215429E-01 -1.942582256334351E-01  5.648749471154272E-01 -3.976188680148251E+00  1.001067913671294E+00  1.000124948143682E+00  7.298935954784332E-04 -4.622718057834659E-02 -1.580810998913208E-02 -2.165848464686447E-01  1.800071753349085E-01     21.9 R  0.83   1.176829992995980E+02  3.268349753653195E+01  1.168203463298204E-01 -5.858096711304104E-01
  A   C    926 2457555.913800  352.276019   -3.052328  4.570629406205029E-01  2.663836338209946E-01 -5.186808453573647E-01 -1.041006854718483E-01 -1.061999755101911E+01  1.001067156338386E+00  1.000124955560079E+00  7.296568029269302E-04 -4.621077732890810E-02 -1.580857918882336E-02 -2.165848311273733E-01  1.800071324878209E-01     21.3 R  0.23   1.168936832674197E+02  3.190750390869922E+01 -4.990643879014462E-01 -1.755035862449553E-01
  A   C    926 2457555.910950  352.279227   -3.051300  6.216125348356529E-01  7.699402073602520E-02 -6.130549559233914E-01  1.284283602311959E-01 -1.255634938663181E+01  1.001066382655268E+00  1.000124962592117E+00  7.294131976835810E-04 -4.619401394463394E-02 -1.580902405894853E-02 -2.165848156776796E-01  1.800070893379177E-01     21.7 R  0.63   1.161132413675236E+02  3.112038183820076E+01 -4.580195954953005E-01 -4.272566826128149E-01
  A   C    291 2457555.905960  352.284560   -3.049494 -1.567434713348928E-01 -1.054871556271594E-01  1.824710294856351E-01  4.899366496674220E-02  3.740552904561551E+00  5.021252118770407E-01  5.002499075529258E-01  2.904637333671545E-03 -4.614881194812466E-02 -1.580994776623728E-02 -2.165847886271670E-01  1.800070137877466E-01     20.9 R -0.17   1.145124537443737E+02  2.896444145548814E+01  1.809922784218246E-01  5.420194609211482E-02
  A   C    291 2457555.901860  352.289102   -3.047939 -1.619482305855910E-01 -1.012580348287848E-01  1.860319445623752E-01  4.327279294813940E-02  3.815401918939303E+00  5.021228942924936E-01  5.002499250134974E-01  2.903164494218151E-03 -4.612358847900068E-02 -1.581050022988574E-02 -2.165847664012940E-01  1.800069517124530E-01     21.1 R  0.03   1.134485102372484E+02  2.781461436889033E+01  1.803979478248594E-01  6.274551320844654E-02
  A   C    291 2457555.897750  352.293519   -3.046356 -6.472789199738536E-01 -1.086748786561223E-02  6.157920496548508E-01 -1.997204399076506E-01  1.263578752398494E+01  5.021205302178847E-01  5.002499413001633E-01  2.901652249546660E-03 -4.609784493497582E-02 -1.581101553272860E-02 -2.165847441212111E-01  1.800068894857552E-01     20.9 R -0.17   1.124062397281702E+02  2.665285681349473E+01  4.092786131648013E-01  5.015766335683596E-01
  A   S    C51 2457554.198220  354.134461   -2.404400  1.246621473776427E+00  3.510752665967955E-03  0.000000000000000E+00  0.000000000000000E+00  0.000000000000000E+00  1.300000006013089E+00  1.300000006013089E+00  9.942074624121903E-27  0.000000000000000E+00  0.000000000000000E+00 -1.024379206180392E-02  3.983696810865842E-02                   -5.729577951308232E+91 -5.729577951308232E+91  0.000000000000000E+00  0.000000000000000E+00
  A   S    C51 2457554.198100  354.134295   -2.404372  2.077358269057427E-01  1.828668399719200E-01  0.000000000000000E+00  0.000000000000000E+00  0.000000000000000E+00  1.300000006013089E+00  1.300000006013089E+00  0.000000000000000E+00  0.000000000000000E+00  0.000000000000000E+00 -1.024379115831330E-02  3.983696581543492E-02                   -5.729577951308232E+91 -5.729577951308232E+91  0.000000000000000E+00  0.000000000000000E+00
  A   S    C51 2457554.067190  354.275753   -2.355261  3.685975672775760E-01  9.550952328258118E-02  0.000000000000000E+00  0.000000000000000E+00  0.000000000000000E+00  1.300000006014996E+00  1.300000006014996E+00  0.000000000000000E+00  0.000000000000000E+00  0.000000000000000E+00 -1.024280552518306E-02  3.983446409933751E-02                   -5.729577951308232E+91 -5.729577951308232E+91  0.000000000000000E+00  0.000000000000000E+00
  A   S    C51 2457554.067070  354.275836   -2.355344  2.294448918908407E-01 -1.249315002713662E-01  0.000000000000000E+00  0.000000000000000E+00  0.000000000000000E+00  1.300000006014996E+00  1.300000006014996E+00 -9.942074624107324E-27  0.000000000000000E+00  0.000000000000000E+00 -1.024280462169243E-02  3.983446180611402E-02                   -5.729577951308232E+91 -5.729577951308232E+91  0.000000000000000E+00  0.000000000000000E+00
  A   S    C51 2457554.001620  354.346714   -2.330622  1.002847495580645E+00  4.775649647411007E-01  0.000000000000000E+00  0.000000000000000E+00  0.000000000000000E+00  1.300000006015934E+00  1.300000006015935E+00 -4.971037312050071E-27  0.000000000000000E+00  0.000000000000000E+00 -2.009069039438100E-02  4.034277566581428E-02                   -5.729577951308232E+91 -5.729577951308232E+91  0.000000000000000E+00  0.000000000000000E+00
  A   S    C51 2457553.870580  354.488006   -2.281845  6.396530763773275E-01 -5.845315535811704E-01  0.000000000000000E+00  0.000000000000000E+00  0.000000000000000E+00  1.300000006017784E+00  1.300000006017784E+00  0.000000000000000E+00  0.000000000000000E+00  0.000000000000000E+00 -2.008972889620248E-02  4.034056565518539E-02                   -5.729577951308232E+91 -5.729577951308232E+91  0.000000000000000E+00  0.000000000000000E+00
  A   S    C51 2457553.739550  354.629255   -2.232526  5.240056446241210E-01  4.187738223540292E-01  0.000000000000000E+00  0.000000000000000E+00  0.000000000000000E+00  1.300000006019596E+00  1.300000006019596E+00  0.000000000000000E+00  0.000000000000000E+00  0.000000000000000E+00 -1.657861194074980E-02  9.285408426703119E-02     19   R -2.12  -5.729577951308232E+91 -5.729577951308232E+91  0.000000000000000E+00  0.000000000000000E+00
  A   C    H01 2456239.007000  148.563488   61.802112  1.670375644997432E-01  2.504643205026504E-01  1.105004872816372E-01  2.800420791762926E-01  1.930090517978755E-01  1.145956101785396E+00  1.007253188329326E+00 -5.850175660666332E-02  5.596558286429526E-01 -1.206575514190601E-01 -1.210320688727422E-01  3.960524780376110E-01     17.6 R  0.47   2.309229794739072E+01  5.757628155506490E+01 -5.022708640370682E-02 -2.968352465432806E-01
  A   C    H01 2456238.998720  148.328280   61.825723  4.705973222425723E-01 -5.454171183904095E-02  4.717119346481515E-01  4.386899523251581E-02  8.250359995316402E-01  1.145835957050839E+00  1.006953910247744E+00 -5.727561325364773E-02  5.594097790846267E-01 -1.181331360293169E-01 -1.210320829277734E-01  3.960524020951063E-01     17.6 R  0.47   2.474976093396246E+01  5.663308352395190E+01  3.601851817751053E-01 -3.077389687084859E-01
  A   C    H01 2456238.991500  148.122946   61.846001  4.404002521757407E-01  3.301267178093297E-02  4.245273069833875E-01  1.217324288758107E-01  7.433619605911088E-01  1.145732840549461E+00  1.006698881032986E+00 -5.620997411729742E-02  5.591985366437265E-01 -1.159392019293544E-01 -1.210320951834888E-01  3.960523358747109E-01     17.9 R  0.77   2.606679792969549E+01  5.576497729072160E+01  2.557175757885839E-01 -3.600704653914284E-01
  A   C    H01 2456238.986220  147.972738   61.860557  3.989204142590038E-01 -2.327624770213378E-02  3.954937163723092E-01  5.713143556471979E-02  6.930960001400068E-01  1.145658315485327E+00  1.006516017403185E+00 -5.543343462865463E-02  5.590458282191415E-01 -1.143405243022674E-01 -1.210321041461175E-01  3.960522874476061E-01     17.6 R  0.48   2.695640551164120E+01  5.510575526045940E+01  2.607275238196683E-01 -3.028208033520600E-01
  A   C    568 2456238.154736  125.311777   62.197403  2.458453161336797E-02  8.275767115462454E-02  3.640027350981574E-02  7.828314900408817E-02  7.698808200714136E-02  6.846765847927402E-01  5.047403572044213E-01  9.340200386909840E-02  4.677407533620375E-01  6.900880221452071E-02 -7.296087795021777E-02 -1.351945432728145E-03     17.8 R  0.78   3.593738882028916E+02  4.766753951688627E+01  2.658035116535109E-02 -8.213839699876807E-02
  A   C    568 2456238.154207  125.299035   62.196478  1.648482879662167E-03 -8.583810104344917E-02 -1.091871176314439E-02 -8.515678962938480E-02 -2.309640653172422E-02  6.846251531136770E-01  5.047548956528763E-01  9.353509492439101E-02  4.676654647811324E-01  6.911505884084128E-02 -7.296087344593258E-02 -1.351941898819313E-03     17.9 R  0.88   3.594974662616940E+02  4.767010298775652E+01 -5.656826808242080E-05  8.585391014150581E-02
  A   C    568 2456238.153698  125.286814   62.195678  4.141522932736022E-02  8.063078628654306E-02  5.277584597162195E-02  7.369704878354122E-02  1.116503571050109E-01  6.845758004770609E-01  5.047689273142854E-01  9.366335295345839E-02  4.675932135409718E-01  6.921745973942194E-02 -7.296086911194302E-02 -1.351938498518619E-03     17.9 R  0.88   3.596164247538399E+02  4.767213846735024E+01  4.267432141576583E-02 -7.997153999485107E-02
  A   C    704 2456237.982980  121.253983   61.851269  6.877028044750519E-01 -1.864365885505933E-01  6.331858175894247E-01 -3.267559781195236E-01  1.394822806119437E+00  1.094065498794073E+00  1.004537888891829E+00  3.851412721842916E-02  4.438228568279812E-01  9.537181350210466E-02  2.924598754253431E-02  3.327751278308090E-01     18.7    0.48   8.152754267745506E+00  6.151666125041226E+01  7.124468906104720E-01  1.063846293878974E-02
  A   C    704 2456237.968530  120.928570   61.817785  4.480305991935665E-01 -2.863109424869464E-02  4.312601492259023E-01 -1.247631398341529E-01  9.530469332179357E-01  1.093253336700120E+00  1.004768954031076E+00  3.932655065338203E-02  4.418170130038793E-01  9.777558876543084E-02  2.247508231131237E-02  2.737471341989956E-01     18.9    0.68   1.271699270249048E+01  6.081045197609834E+01  4.245725163881846E-01 -1.459086553292582E-01
  A   C    704 2456237.953800  120.598740   61.782800  2.376429910282999E-01  1.215662108887152E-01  2.587065502424018E-01  6.575298986655925E-02  5.735217180379079E-01  1.092447479964981E+00  1.005005756086534E+00  4.013147209954178E-02  4.398191827088608E-01  1.001797722293133E-01  8.853087608203125E-02  2.186633519226759E-01     19.0    0.78   1.699835654960965E+01  5.977653341225831E+01  1.421312831397647E-01 -2.259451994788511E-01
  A   C    704 2456237.924810  119.954448   61.711078 -1.109651703880246E+00 -1.135112424668720E+00 -1.344135302626281E+00 -8.444568720754126E-01 -2.997440605149000E+00  1.090922733387477E+00  1.005473083228767E+00  4.164406630656847E-02  4.360181551137191E-01  1.047642232096961E-01  8.853089751201124E-02  2.186631439725170E-01     19.7    1.48   2.405183384780386E+01  5.695161536611437E+01  2.901086081441415E-02  1.587124913332182E+00
  A   C    H21 2456236.882956  101.451640   58.114880  7.285390316292767E-02 -1.705170311068661E-01 -2.068110005107256E-02 -1.842716505712441E-01 -6.117331000698199E-02  1.138645999608720E+00  1.112555673968413E+00  3.869876653208532E-02  2.941330930112326E-01  1.666724082106012E-01  5.026672867432835E-02  3.109456174413976E-02     17.8 V  0.31   1.105813014414715E+01  7.087147681790202E+01  1.173667295068378E-01  1.435576536044779E-01
  A   C    H21 2456236.879728  101.408474   58.101991 -7.335541458455992E-02 -5.365181808360491E-02 -9.028080639278784E-02 -1.043601598393096E-02 -2.672355756334132E-01  1.138554635631001E+00  1.112575781182019E+00  3.868572501843571E-02  2.937792073784166E-01  1.668065743423458E-01  5.026672505083774E-02  3.109454654315436E-02     18.2 V  0.71   1.278822513942593E+01  7.070475579679452E+01 -5.225614459854106E-02  7.435610119048980E-02
  A   C    H21 2456236.876891  101.370682   58.090630 -2.917266183697631E-02 -4.062039809074892E-02 -4.544081854990129E-02 -2.088523280263930E-02 -1.345909167074185E-01  1.138475094336775E+00  1.112593261153537E+00  3.867420797277932E-02  2.934707909488565E-01  1.669231244593821E-01  5.026672186625192E-02  3.109453318342816E-02     18.0 V  0.51   1.427695052728227E+01  7.053723313822903E+01 -1.271078589425179E-02  4.836834565765737E-02
  A   C    H21 2456236.873869  101.330432   58.078491 -7.870742935205255E-02 -1.283529753553510E-01 -1.319314736025300E-01 -7.254951406346288E-02 -3.910252276939811E-01  1.138390934343738E+00  1.112611771551727E+00  3.866191881925132E-02  2.931441360102476E-01  1.670464584379345E-01  5.026671847399986E-02  3.109451895251667E-02     18.0 V  0.51   1.582639381008572E+01  7.033780536633181E+01 -2.148575711504682E-02  1.490225082295883E-01
  A   C    H21 2456236.870850  101.290349   58.066380  2.240896023469492E-03 -1.273646278859724E-01 -6.119964713151072E-02 -1.117200664272036E-01 -1.815053630045866E-01  1.138307611611209E+00  1.112630114841155E+00  3.864964909514256E-02  2.928203956331585E-01  1.671685912430520E-01  5.026671508511563E-02  3.109450473573371E-02     18.1 V  0.61   1.733396604376383E+01  7.011754370600552E+01  5.709768113349144E-02  1.138710887835152E-01
  A   C    J95 2456234.449260   81.657860   49.157320  1.187321668372952E-01  2.701743909316544E-02  1.022431778451831E-01 -6.613321435670927E-02  5.647662007427793E-01  1.107239052467394E+00  1.107608358004158E+00  1.335790565710816E-02  1.264044757481945E-01  1.295995636603379E-01 -1.608275330119464E-01 -5.097087938772559E-02     17.5 R -0.01   6.965059661730511E+01  5.328274087261708E+01 -7.735498877647148E-02 -9.403975312836715E-02
  A   C    J95 2456234.443430   81.630818   49.139181  3.881684750878719E-02 -1.340160249022104E-02  1.750485093090542E-02 -3.714741974502558E-02  9.677428905773297E-02  1.107225173737802E+00  1.107597233204387E+00  1.333556008811385E-02  1.262828486736823E-01  1.295044536394285E-01 -1.608273057177620E-01 -5.097081601989320E-02     17.4 R -0.11   6.865574435072372E+01  5.206526026545426E+01 -5.966188155514794E-03 -4.062948681345239E-02
  A   C    J95 2456234.438080   81.606068   49.122597  4.538287806669593E-02  1.304194265904411E-01  1.250635248917944E-01  5.854867372909110E-02  6.919418725774930E-01  1.107212705490969E+00  1.107586766771998E+00  1.331507410357250E-02  1.261734837971758E-01  1.294149092698951E-01 -1.608270971373503E-01 -5.097075786931360E-02     17.4 R -0.11   6.774232040568909E+01  5.095500315165825E+01 -1.364118216571644E-01  2.146269708083695E-02
  A   C    J95 2456234.431920   81.577402   49.103431 -4.326886074124104E-01 -1.745110354972187E-02 -3.145228830390156E-01  2.976563925811435E-01 -1.741739306000517E+00  1.107198506452818E+00  1.107574365120197E+00  1.329132423352951E-02  1.260488232863355E-01  1.293087291404765E-01 -1.608268569774505E-01 -5.097069091462086E-02     17.5 R -0.01   6.668951899976899E+01  4.968538538727607E+01  2.248899460884555E-01  3.700655133186228E-01
  A   C    J95 2456234.425570   81.548235   49.083764 -1.152528384220128E-01  9.820222838719304E-02 -1.012043049452295E-02  1.510776995825212E-01 -5.609619913389371E-02  1.107184358240160E+00  1.107561176178554E+00  1.326693599710869E-02  1.259244878880146E-01  1.291957139235109E-01 -1.608266094100379E-01 -5.097062189477178E-02     17.6 R  0.09   6.560162843494209E+01  4.838659329382160E+01 -2.776539401162556E-02  1.488488405059546E-01
  A   C    H21 2456233.865773   79.164971   47.471535 -5.329434748111252E-02 -7.492885703876878E-02 -9.127227629291565E-02 -1.113519963375061E-02 -5.900381345213529E-01  1.104930436831323E+00  1.105919410559262E+00  9.750088048427594E-03  1.042644347974127E-01  1.142696144174412E-01 -3.176302769227315E-02 -2.740489853328097E-02     17.9 V -0.13   3.322718982176971E+02  8.078140171106382E+01 -8.502823076355574E-02  3.499744367536096E-02
  A   C    H21 2456233.863948   79.158138   47.466619 -2.595267453838904E-01  2.427012767030194E-01  4.444521180839711E-03  3.553002779541600E-01  2.874031394681902E-02  1.104924942431040E+00  1.105918657819358E+00  9.744075499411448E-03  1.042061928044338E-01  1.142623294245672E-01 -3.176302194620990E-02 -2.740489253738852E-02     18.6 V  0.57   3.346510122640003E+02  8.101051376255326E+01 -1.071058385454975E-01 -3.388013881801007E-01
  A   C    H21 2456233.862071   79.151263   47.461341 -1.102975330563105E-01 -2.275774314549116E-01 -2.424915830957781E-01 -7.179739015887861E-02 -1.568528284420509E+00  1.104919413065956E+00  1.105917752999146E+00  9.737902020293055E-03  1.041475475954790E-01  1.142535719302360E-01 -3.176301603642193E-02 -2.740488637065286E-02     18.0 V -0.03   3.372338112085937E+02  8.122627002862218E+01 -1.997924087984372E-01  1.550484649799232E-01
  A   C    H21 2456233.860106   79.144055   47.455980  7.199380763491439E-03 -1.305169550072380E-01 -9.163048141070086E-02 -9.322210845170961E-02 -5.928818414140901E-01  1.104913676336962E+00  1.105916893183583E+00  9.731558933828250E-03  1.040866684462358E-01  1.142452494443508E-01 -3.176300984956427E-02 -2.740487991480101E-02     18.4 V  0.37   3.400821255086084E+02  8.142843831264442E+01 -4.436150353369670E-02  1.229575684209092E-01
  A   C    H21 2456233.858024   79.136430   47.450285  1.489929659745772E-01 -8.007150159514780E-02  4.111026953811900E-02 -1.640740534518071E-01  2.660833640897478E-01  1.104907667044867E+00  1.105915975553718E+00  9.724897858348609E-03  1.040228589462328E-01  1.142363666865732E-01 -3.176300329432821E-02 -2.740487307455427E-02     18.9 V  0.87   3.432521266154452E+02  8.161443812896356E+01  1.141277299205367E-01  1.248407407090990E-01
  A   C    G48 2456233.645760   78.376951   46.869571  4.075341107567866E-01  6.320611540263686E-01  7.422040828004706E-01  1.213196329279883E-01  4.882030794547632E+00  1.005180088453592E+00  1.006342783371732E+00  1.136556000999963E-02  1.019157610977048E-01  1.128078445008039E-01 -8.365000230895943E-02 -5.534241292552235E-02     17.8 V -0.27   4.684710979728700E+01  2.070592461126427E+01 -7.450349622978909E-01 -1.025097986299010E-01
  A   C    G48 2456233.644700   78.372992   46.866599 -8.492519468027780E-03  2.623344088552679E-01  1.889488442484445E-01  1.821806773879566E-01  1.243025219699929E+00  1.005179684059732E+00  1.006340092700225E+00  1.136273170037773E-02  1.019117727724369E-01  1.127838390865281E-01 -8.364998701477518E-02 -5.534240674400161E-02     18.0 V -0.07   4.673224805850066E+01  2.047046700136674E+01 -2.337209680571833E-01  1.194402530424399E-01
  A   C    G48 2456233.643650   78.369117   46.863765 -3.082137444021784E-01  2.930043329849436E-01  1.072349475542203E-02  4.251261672099161E-01  7.055517263576859E-02  1.005179304683417E+00  1.006337468252195E+00  1.135998905526652E-02  1.019080310536331E-01  1.127604196410542E-01 -8.364997186487677E-02 -5.534240062079753E-02     18.2 V  0.13   4.661749656309843E+01  2.023767594239271E+01 -1.321354265025209E-01  4.042121725640898E-01
  A   C    J95 2456233.404560   77.542055   46.247053 -2.150123993709755E-01 -2.833290131425515E-01 -3.547162576523920E-01 -2.611585971546546E-02 -2.485127186825767E+00  1.004446064355134E+00  1.005714634803481E+00  1.000471637676234E-02  9.440189841913395E-02  1.070595576514213E-01 -3.225173349534690E-02  7.707790828014092E-03     18.0 R  0.28   6.671657867208538E+01  4.428523738045180E+01  3.551411382386163E-01  1.950470461657360E-02
  A   C    J95 2456233.396360   77.515346   46.226053  8.441329157106582E-02 -8.158483432854799E-02 -5.330806290102720E-03 -1.172743428486205E-01 -3.738501519612676E-02  1.004440001570900E+00  1.005700319874161E+00  9.985514344515301E-03  9.433736966828109E-02  1.069250015439299E-01 -3.225166659322431E-02  7.707768602141079E-03     17.7 R -0.02   6.515098538561860E+01  4.260514498052757E+01  1.822473015546520E-02 -1.159721871704881E-01
  A   C    J95 2456233.384540   77.476638   46.195803 -1.293854661508106E-01  1.118820562058511E-01 -1.782893203356145E-03  1.710409735815873E-01 -1.252205212550434E-02  1.004431503419275E+00  1.005678801144906E+00  9.957328977672722E-03  9.424684663511602E-02  1.067224161636721E-01 -3.225157015626164E-02  7.707736564358076E-03     18.1 R  0.38   6.289271879561706E+01  4.022016267287291E+01 -1.252197353598893E-02  1.705913055543275E-01
  A   C    J95 2456233.373770   77.441430   46.168220 -2.959686002532001E-01  2.942451983414243E-02 -1.739742118469339E-01  2.412388615367486E-01 -1.223600484351510E+00  1.004424048040389E+00  1.005658223988944E+00  9.931115653196149E-03  9.416736035752489E-02  1.065283387247650E-01 -3.225148228603478E-02  7.707707372571206E-03     18.0 R  0.27   6.082799288354212E+01  3.808755685304858E+01  1.595969757523525E-01  2.509821109838706E-01
  A   C    H21 2456232.894190   75.960258   45.026422 -2.029307999920549E-02 -1.472703182594154E-01 -1.255327768994486E-01 -7.963590685109914E-02 -1.009242140501260E+00  1.003222450290244E+00  1.004497991777769E+00  7.570322289132843E-03  8.034379926467851E-02  9.495291885715268E-02 -2.053560798293759E-02 -1.972763329489328E-02     18.5 V  0.28   2.979436909056285E+02  7.504965594135837E+01 -1.474683791111487E-01  1.879981112852674E-02
  A   C    H21 2456232.891505   75.952925   45.020311 -6.696144932522144E-02 -1.213428878371897E-01 -1.358955450105697E-01 -2.720906045204868E-02 -1.093020045302611E+00  1.003216742840920E+00  1.004497145591701E+00  7.562940677803941E-03  8.027250166126003E-02  9.494396720427363E-02 -2.053559622113164E-02 -1.972762829612578E-02     18.4 V  0.18   2.986579124804611E+02  7.570503402452965E+01 -1.353549411672950E-01 -2.978207558252993E-02
  A   C    H21 2456232.888356   75.944341   45.013117 -1.011310207229641E-01 -1.917046760664976E-01 -2.117090450534345E-01 -4.644831989202837E-02 -1.703631996246299E+00  1.003210156550625E+00  1.004496163035868E+00  7.554411366941534E-03  8.019014728487549E-02  9.493357187539839E-02 -2.053558242674405E-02 -1.972762243351107E-02     18.4 V  0.18   2.996237096235242E+02  7.646777133574003E+01 -2.137123066418669E-01 -3.612777557712277E-02
  A   C    H21 2456232.884457   75.933758   45.004228 -6.520125492164922E-02 -2.140404270498022E-01 -2.056354011265847E-01 -8.819631431374091E-02 -1.655743659789962E+00  1.003202169038023E+00  1.004494982746797E+00  7.544068236857643E-03  8.009015927203894E-02  9.492108308017744E-02 -2.053556534693492E-02 -1.972761517459223E-02     18.4 V  0.17   3.010449396276255E+02  7.740144408444310E+01 -2.232973695830222E-01  1.424053343179841E-02
  A   C    J95 2456231.443460   72.577237   42.086819 -2.743011353823506E-01 -1.512246490747713E-01 -2.878966375905101E-01  1.233917883163740E-01 -3.015740807274928E+00  1.001720504169536E+00  1.002830876135396E+00  4.398716443767590E-03  5.868433159136265E-02  7.529706787877861E-02 -7.676898866779952E-02  5.167358276242941E-02     17.9 R -0.21   8.208743626132683E+01  5.217230568056876E+01  2.778716810768663E-01  1.445591097624679E-01
  A   C    J95 2456231.440740   72.572070   42.081930 -3.018717495530907E-01 -5.946150423646504E-02 -2.324918790235217E-01  2.015186091963202E-01 -2.435786032788387E+00  1.001720454637745E+00  1.002829378834494E+00  4.397494831689479E-03  5.868348662804295E-02  7.527712412646469E-02 -7.676895165643598E-02  5.167355915558228E-02                    8.144090714127476E+01  5.156752176574339E+01  2.173143599598678E-01  2.177996616614337E-01
  d   C    H45 2456230.799680   71.412811   41.008216 -3.095797448426623E-01 -1.139342239362667E+00 -1.098737885277764E+00 -4.321057929120261E-01 -1.313582314540161E+01  1.600779610833271E+00  1.601406016458589E+00  1.307330233778505E-03  4.995256009749682E-02  6.709042666837708E-02 -5.311524228001647E-02  2.162508322269050E-02     18.8 R  0.56   6.166319372687320E+01  7.492819660521138E+01  9.938616335881365E-01  6.373220615149717E-01
  d   C    H45 2456230.798730   71.411311   41.006688 -2.893917823024795E-01 -1.132978165544666E+00 -1.081594603345586E+00 -4.444549935357530E-01 -1.293120700220880E+01  1.600779487311951E+00  1.601406025652823E+00  1.307231010523079E-03  4.994860176044663E-02  6.709064626519752E-02 -5.311523840458764E-02  2.162508025759736E-02     18.7 R  0.46   6.195808469204155E+01  7.468249339793593E+01  9.992827880213599E-01  6.073063780625423E-01
  d   C    H45 2456230.797100   71.408728   41.004272 -2.819334760999844E-01 -3.851783529453316E-01 -4.773197083639573E-01 -3.839860784677435E-03 -5.706892793129390E+00  1.600779281371609E+00  1.601406072609781E+00  1.307080243231141E-03  4.994200155349902E-02  6.709176731945958E-02 -5.311523175517005E-02  2.162507517012359E-02     18.6 R  0.36   6.243408050687550E+01  7.425931764783910E+01  2.917736887195629E-01  3.777789871003994E-01
  d   C    H45 2456230.794440   71.404686   40.999800  2.006695755308860E-01 -1.067213913215346E+00 -7.363214418942831E-01 -7.981507058888573E-01 -8.804185516331785E+00  1.600778984473259E+00  1.601406053644746E+00  1.306822617705496E-03  4.993248474797236E-02  6.709131502593764E-02 -5.311522090397122E-02  2.162506686786425E-02     18.7 R  0.46   6.313969379460861E+01  7.356493142258657E+01  1.083051653551711E+00  7.882214693227751E-02
  d   C    H45 2456230.793610   71.403270   40.998438 -7.196988890914575E-02 -1.156329812827178E+00 -9.706090735568793E-01 -6.326107233295900E-01 -1.160583537416982E+01  1.600778878824238E+00  1.601406055443233E+00  1.306734898554334E-03  4.992909780535609E-02  6.709135807336110E-02 -5.311521751807195E-02  2.162506427731049E-02     18.6 R  0.36   6.334246775978038E+01  7.334748092502977E+01  1.101969378737866E+00  3.576895151805974E-01
  d   C    H45 2456230.792740   71.401728   40.997161 -5.121976284437071E-01 -7.135903963072947E-01 -8.782539304360308E-01 -1.508966397979650E-02 -1.050173207970086E+01  1.600778764040295E+00  1.601406081944067E+00  1.306650978381952E-03  4.992541774503959E-02  6.709199074473966E-02 -5.311521396899552E-02  2.162506156190978E-02     18.6 R  0.36   6.354628045900993E+01  7.311913922608053E+01  5.682338318975033E-01  6.698268258089390E-01
  d   C    H45 2456230.791710   71.400353   40.995550  1.894244674511548E-01 -5.434453997805846E-01 -3.229096825777948E-01 -4.763862595723567E-01 -3.861264828619418E+00  1.600778683077563E+00  1.601406085540757E+00  1.306584778597889E-03  4.992282193576762E-02  6.709207674132625E-02 -5.311520976721619E-02  2.162505834712566E-02     18.6 R  0.36   6.377776726674173E+01  7.284797352678746E+01  5.727067212410140E-01 -5.675863686001056E-02
  d   C    H45 2456230.790060   71.397686   40.992855  5.178676456462142E-02 -6.796152722553664E-01 -5.143430040705901E-01 -4.472248443797016E-01 -6.150624505480378E+00  1.600778507451861E+00  1.601406081531507E+00  1.306435679582967E-03  4.991719048679859E-02  6.709198128228544E-02 -5.311520303621002E-02  2.162505319722842E-02     18.6 R  0.36   6.412631206376854E+01  7.241283380621431E+01  6.741385062124383E-01  1.004791605759978E-01
  d   C    H45 2456230.789270   71.396353   40.991744 -1.681927396936612E-01 -1.005695462431978E-01 -1.810823207002870E-01  7.491478123188242E-02 -2.165451229170896E+00  1.600778420058937E+00  1.601406108772039E+00  1.306375043746107E-03  4.991438798474174E-02  6.709263159178024E-02 -5.311519981348600E-02  2.162505073152015E-02     18.5 R  0.26   6.428331362239381E+01  7.220404006983543E+01  6.178499104918213E-02  1.859721651168877E-01
  d   C    H45 2456230.786750   71.392395   40.987411 -7.030573062280204E-02 -1.094011003553968E+00 -9.197482739302323E-01 -5.965451234046962E-01 -1.099941435586513E+01  1.600778188841156E+00  1.601406056084768E+00  1.306156723069505E-03  4.990697265518133E-02  6.709137437108957E-02 -5.311518953340340E-02  2.162504286622221E-02     18.6 R  0.36   6.474937447355398E+01  7.153615507238464E+01  1.058222728731823E+00  2.862998918171912E-01
  d   C    H45 2456229.766520   69.860885   39.487284 -5.058995189084861E-01 -4.844146975995249E-01 -6.887363807479615E-01  1.274131873727199E-01 -9.749112508742183E+00  1.600532626021060E+00  1.601026655675217E+00  9.236331240006901E-04  4.128680463991072E-02  5.732595801267450E-02 -2.703495426374607E-02 -2.418488207050468E-02     18.8 R  0.37   7.053599890663072E+01  6.657951158924702E+01  4.693625965770902E-01  5.198948695819638E-01
  d   C    H45 2456229.765010   69.859176   39.485284  1.272892181060304E-01 -2.062744765768700E-01 -9.298771265955898E-02 -2.238414394777017E-01 -1.316214623117761E+00  1.600532680963284E+00  1.601026679060175E+00  9.236912584629653E-04  4.128893475880786E-02  5.732661131142245E-02 -2.703494748373308E-02 -2.418487814305815E-02     18.7 R  0.27   7.056662972721686E+01  6.616046575164603E+01  2.091254521483887E-01 -1.225489697910733E-01
  d   C    H45 2456229.763950   69.857593   39.483673 -4.954193082878732E-01 -7.566839833446525E-01 -9.035443326574203E-01 -4.023158706069369E-02 -1.278940237396639E+01  1.600532689003967E+00  1.601026673607872E+00  9.236957828336934E-04  4.128924663947547E-02  5.732645917612715E-02 -2.703494272425262E-02 -2.418487538604204E-02     18.7 R  0.27   7.058433239713442E+01  6.586655083247567E+01  7.474874755480297E-01  5.091889782520309E-01
  d   C    H45 2456229.762560   69.856010   39.481923  5.763723004174079E-02 -1.727496376888927E-01 -1.064876709831268E-01 -1.477324051693385E-01 -1.507259445471167E+00  1.600532746679908E+00  1.601026702791180E+00  9.237588897348636E-04  4.129148257469325E-02  5.732727438907572E-02 -2.703493648304859E-02 -2.418487177071045E-02     18.8 R  0.37   7.060153763061638E+01  6.548069536785800E+01  1.734555237729946E-01 -5.547674180489279E-02
  d   C    H45 2456229.761390   69.854551   39.480062  1.742350192963925E-01 -1.078331282713628E+00 -7.731375775542446E-01 -7.716310539380766E-01 -1.094317227303017E+01  1.600532787643273E+00  1.601026677849363E+00  9.237831841152421E-04  4.129307056937671E-02  5.732657796580553E-02 -2.703493122966027E-02 -2.418486872758917E-02     18.8 R  0.37   7.061259933212116E+01  6.515597562499089E+01  1.079629670852726E+00 -1.659999127884393E-01
  d   C    H45 2456229.760160   69.852676   39.478451 -6.531075112388138E-01 -7.867416563798894E-01 -1.020096302403838E+00  7.010983484467431E-02 -1.443850722669082E+01  1.600532804092116E+00  1.601026699676582E+00  9.238072559496371E-04  4.129370834862098E-02  5.732718771661837E-02 -2.703492570686747E-02 -2.418486552841043E-02     18.7 R  0.26   7.061928188573039E+01  6.481483741374313E+01  7.850292688478275E-01  6.551647900913123E-01
  d   C    H45 2456229.759390   69.851718   39.477673 -5.723431463925635E-01  2.267013307549849E-01 -1.505740985596256E-01  5.969067024515444E-01 -2.131187636223761E+00  1.600532835026145E+00  1.601026738417761E+00  9.238514792407551E-04  4.129490746441963E-02  5.732826976526841E-02 -2.703492224950829E-02 -2.418486352567189E-02     18.5 R  0.06   7.062085444606058E+01  6.460110358818488E+01 -2.264252503456720E-01  5.724524229965315E-01
  d   C    H45 2456229.758340   69.850676   39.476062  2.746480484930176E-01 -3.731411098442522E-01 -1.422290694058770E-01 -4.409498046408020E-01 -2.013045602590714E+00  1.600532902617912E+00  1.601026715142710E+00  9.238995919459936E-04  4.129752733283733E-02  5.732761988733255E-02 -2.703491753493101E-02 -2.418486079466677E-02     18.7 R  0.26   7.062178362201141E+01  6.430943597710203E+01  3.718479792099124E-01 -2.763963074190802E-01
  d   C    H45 2456229.757600   69.849801   39.475118  4.801745334975734E-01 -1.082643522064822E-01  1.928270050405947E-01 -4.528868497819030E-01  2.729145251027544E+00  1.600532939392908E+00  1.601026724682292E+00  9.239357485117202E-04  4.129895269855741E-02  5.732788640098702E-02 -2.703491421227512E-02 -2.418485886995757E-02     18.6 R  0.16   7.062030776191881E+01  6.410398612044861E+01  1.045994239598976E-01 -4.809861880399537E-01
  d   C    H45 2456229.756020   69.847510   39.472729 -2.575107054945656E-01 -8.832529907494803E-01 -8.671662983427432E-01 -3.073600822012431E-01 -1.227320586587738E+01  1.600532984888050E+00  1.601026701921236E+00  9.239649441013381E-04  4.130071610087072E-02  5.732725094215412E-02 -2.703490711795656E-02 -2.418485476044379E-02     18.6 R  0.16   7.061349609568656E+01  6.366564664085885E+01  8.867286682635134E-01  2.452751067547198E-01
  A   C    H21 2456227.847148   67.658948   37.216765 -1.417164286866365E-01 -1.006627068754951E-02 -8.968588938050065E-02  1.101876454566398E-01 -1.712285114998808E+00  1.000453023673959E+00  1.000918237849023E+00  1.288542549649560E-03  3.010296969187054E-02  4.286321342008637E-02  2.877024932811425E-02  4.623256231778181E-02     19.7 V  0.52   2.429882620993502E+02  8.532966094217970E+01  6.290635177839925E-02 -1.273878599835743E-01
  A   C    H21 2456227.843451   67.655573   37.212876 -2.199534117351932E-01 -3.196973552868665E-01 -3.880374212928975E-01 -3.586361349155270E-03 -7.409058572784651E+00  1.000452432740707E+00  1.000918592098233E+00  1.287950459352331E-03  3.008332458343440E-02  4.287148526819735E-02  2.877022503571096E-02  4.623251950242253E-02     19.7 V  0.52   2.349309713846127E+02  8.620953299364000E+01 -1.192573180342698E-01 -3.692744161277749E-01
  A   C    H21 2456227.839978   67.652490   37.209376 -4.947583933098882E-02 -5.633579077798541E-02 -7.453106556700342E-02  8.167023052116452E-03 -1.423155600905678E+00  1.000451917176860E+00  1.000918945621460E+00  1.287464236121120E-03  3.006617463501922E-02  4.287973855219121E-02  2.877020221517835E-02  4.623247928123521E-02     19.5 V  0.32   2.235460340016999E+02  8.694138479127227E+01 -6.899759452184788E-04 -7.497402172286204E-02
  A   C    G96 2456226.970790   66.859317   36.363493 -2.582553678125173E-01 -8.537152232787610E-03 -1.558486013184833E-01  2.061066021244755E-01 -3.370372919971542E+00  5.007100796463787E-01  5.014257035800380E-01  4.011557590671104E-03  2.665572569630825E-02  3.778465381143616E-02  4.666178744091189E-02 -7.398921495249199E-02     18.9 V -0.43   2.876099769388538E+02  6.757085277319207E+01 -1.820224225710838E-02 -2.577545273109835E-01
  A   C    G96 2456226.965740   66.855413   36.358912  2.424855596450769E-02 -1.233828863964496E-02  3.869465453238208E-03 -2.693052301804124E-02  8.371096805783640E-02  5.007075714236767E-01  5.014266735862878E-01  4.005837213534271E-03  2.660856955718444E-02  3.779752474293478E-02  1.074130162896467E-02 -8.447562108105529E-02     18.8 V -0.53   2.877949290148806E+02  6.903361193490245E+01 -1.087969614583779E-02  2.493708171972248E-02
  A   C    G96 2456226.960760   66.851538   36.354440  2.103476729635924E-01  1.504846318851456E-01  2.440548911321750E-01 -8.560945081746760E-02  5.281500823932688E+00  5.007052034661171E-01  5.014276801071954E-01  4.000546935075956E-03  2.656397391799325E-02  3.781087555127399E-02  1.074128594929436E-02 -8.447554186463316E-02     19.0 V -0.33   2.880839529824135E+02  7.047426976717240E+01  1.673262036203437E-01  1.972148816313982E-01
  A   C    H36 2456226.960260   66.849390   36.351945  4.499387171193058E-01 -1.214677303268200E+00 -7.243296608700557E-01 -1.073886559475322E+00 -1.565882028420678E+01  1.100330762331520E+00  1.100641646196490E+00  8.370086333687112E-04  2.697647995563212E-02  3.757628613703793E-02 -4.342691826492769E-02 -4.417677737110770E-04     19.4 R  0.47   2.775080554261824E+02  5.989363384307340E+01 -1.292294622849131E+00  8.865894200738467E-02
  A   C    G96 2456226.955850   66.847621   36.349996  9.602823061431240E-02  1.903896027766110E-01  2.110176247448715E-01  3.067872173647182E-02  4.567858357517531E+00  5.007029616589483E-01  5.014287024606517E-01  3.995619973148753E-03  2.652168518624014E-02  3.782443155486410E-02  1.074127049001979E-02 -8.447546376168860E-02     18.9 V -0.43   2.884960971566535E+02  7.189188617586842E+01  1.996099786021207E-01  7.500318901858374E-02
  A   C    H36 2456226.955230   66.845432   36.347528  6.654784078938540E-01 -7.857915283359072E-01 -2.512883536437310E-01 -9.985910077205997E-01 -5.435612465843757E+00  1.100329401540208E+00  1.100641873122296E+00  8.354333320692114E-04  2.692091884095440E-02  3.758293292924242E-02 -4.342685656910122E-02 -4.418081238840507E-04     18.9 R -0.03   2.766734128254454E+02  6.129363111461018E+01 -9.391760114329503E-01  4.222300995054193E-01
  A   C    H36 2456226.940170   66.833348   36.334083  4.944860347802437E-01 -2.780563902599936E-01  6.017922067300893E-02 -5.641012818247230E-01  1.303772131726116E+00  1.100325572299863E+00  1.100642669962173E+00  8.310800944308581E-04  2.676395249276810E-02  3.760626327454494E-02 -4.342667184959176E-02 -4.419289337440416E-04     18.8 R -0.13   2.740318464350233E+02  6.549860760934141E+01 -3.979702759513660E-01  4.042912987157239E-01
  A   C    H36 2456226.934700   66.828932   36.329306  3.010862536996448E-01  2.938063369538338E-01  4.138741835965037E-01 -7.538737263921644E-02  8.970897166366928E+00  1.100324278494893E+00  1.100643017084123E+00  8.296515386325771E-04  2.671070916937533E-02  3.761642188016198E-02 -4.342660475691839E-02 -4.419728135513154E-04     18.7 R -0.23   2.730000202479824E+02  6.702992652928228E+01  2.060252939372464E-01  3.667815072486177E-01
  A   C    H36 2456226.929990   66.825015   36.324806 -2.154541814002088E-01 -5.997695876355588E-01 -6.139160859108067E-01 -1.710295354472944E-01 -1.331238905128592E+01  1.100323199907484E+00  1.100643296611686E+00  8.284510241327208E-04  2.666624140516186E-02  3.762460036031523E-02 -4.342654698607615E-02 -4.420105967144622E-04     19.3 R  0.37   2.720681060036615E+02  6.834951026575885E+01 -5.246318311925930E-01 -3.618086569383800E-01
  A   C    704 2456226.902410   66.805137   36.301062  3.627089365651165E-01 -5.010130129177133E-02  1.652559246834722E-01 -3.267390279907454E-01  3.585052535165534E+00  1.100312885316766E+00  1.100652756296827E+00  8.210954328256658E-04  2.623718707983406E-02  3.790032104823693E-02 -3.456198331980589E-02  2.755602874056175E-01     19.8   -0.34   2.975610987550039E+02  8.422565076730064E+01  1.006599362626056E-01  3.520447276795122E-01
  A   C    704 2456226.888310   66.793512   36.288257 -1.495274954916197E+00  3.963211675655213E-02 -8.164460288948227E-01  1.253329077848318E+00 -1.771115973451175E+01  1.100311426630761E+00  1.100654298743988E+00  8.201464165219016E-04  2.617594461258030E-02  3.794508987683784E-02 -3.456194548818228E-02  2.755602194631115E-01     19.6   -0.54   3.376362235521021E+02  8.729251617926390E+01 -1.358942428005325E+00 -6.250546958872670E-01
  A   C    704 2456226.874290   66.782887   36.275590 -6.993153493773008E-01  4.211645580169670E-01 -4.936455975156473E-02  8.148525529473769E-01 -1.070562827094164E+00  1.100310436465720E+00  1.100655833801294E+00  8.198012792863292E-04  2.613429178431581E-02  3.798959189705878E-02 -3.456190787120780E-02  2.755601519060977E-01     20.3    0.16   5.010542270524810E+01  8.603731205365762E+01 -7.614540642345442E-01  2.942944968340984E-01
  A   C    704 2456226.860250   66.771804   36.262535 -1.234898672015189E+00 -4.784085038984698E-01 -1.093309682599069E+00  7.473442076328505E-01 -2.370001899692649E+01  1.100309810626422E+00  1.100657311038816E+00  8.198959267731316E-04  2.610793139878164E-02  3.803236863999317E-02 -3.456187020056979E-02  2.755600842527087E-01     20.1   -0.04   6.861806669474716E+01  8.236482236332991E+01  1.105882910310766E-01  1.319704382290294E+00
  A   C    704 2456226.845900   66.760845   36.249562 -7.363503454744227E-01 -6.617792443373309E-03 -4.217783974624730E-01  6.036212470507588E-01 -9.137012528599682E+00  1.100309597080304E+00  1.100658796787611E+00  8.205384904138861E-04  2.609893215963469E-02  3.807534344959879E-02 -3.456183169817386E-02  2.755600151055504E-01     19.7   -0.45   7.391719263421707E+01  7.829034162494690E+01 -9.718913837783315E-02  7.299382835813837E-01
  A   C    926 2456226.841660   66.758554   36.245896 -1.476270231858091E-01 -2.825033318396684E-01 -3.165359929609789E-01 -3.750780765953030E-02 -6.843689513390127E+00  1.400243217593354E+00  1.400520728825096E+00  5.081615110188378E-04  2.609623119050215E-02  3.818712786968850E-02 -3.456182032185563E-02  2.755599946746121E-01                    6.825996785386950E+01  7.294764080936837E+01  2.500645918287908E-01  1.976602397777032E-01
  A   C    926 2456226.840670   66.757845   36.245146  2.440443321547913E-02  2.833704359793676E-01  2.477295449688067E-01  1.397299284235614E-01  5.355645484649593E+00  1.400243245897357E+00  1.400520817234449E+00  5.082341933311244E-04  2.609774999922547E-02  3.819037026403808E-02 -3.456181766559251E-02  2.755599899041805E-01                    6.843904970237416E+01  7.266500774352927E+01 -2.743725500383700E-01 -7.492719221584311E-02
  A   C    926 2456226.839710   66.757220   36.244229  3.709463064728505E-01  1.505060743858527E-01  3.335527546620365E-01 -2.213499504636428E-01  7.210570787706687E+00  1.400243277939521E+00  1.400520886872831E+00  5.083016258846696E-04  2.609946926920804E-02  3.819292406168972E-02 -3.456181508982282E-02  2.755599852783084E-01                    6.860473640163141E+01  7.239059290719960E+01 -8.387886842142084E-02 -3.914301676484596E-01
  A   C    926 2456226.838730   66.756345   36.243312  3.675642853024388E-02  8.385349775216534E-02  8.997072932817674E-02  1.696207498295191E-02  1.944818703794380E+00  1.400243299867755E+00  1.400520960754546E+00  5.083605636186956E-04  2.610064584411621E-02  3.819563328150000E-02 -3.456181246039084E-02  2.755599805560634E-01                    6.876533615437128E+01  7.211032746780536E+01 -7.652526268686685E-02 -5.026259338999690E-02
  A   C    926 2456226.832360   66.751345   36.237562 -1.365506458771851E-01  4.061620968648000E-01  2.583068123537252E-01  3.418937240002293E-01  5.581064481909497E+00  1.400243512717227E+00  1.400521440339373E+00  5.088167895563802E-04  2.611206321052803E-02  3.821321484386547E-02 -3.456179536908298E-02  2.755599498614705E-01                    6.962697957920356E+01  7.028134468049551E+01 -4.204449476948174E-01  8.270292484182061E-02
  A   C    926 2456226.831380   66.750804   36.236507  4.980685165278406E-01 -1.587999824961896E-01  1.499017261279697E-01 -5.008184841845287E-01  3.238602528053587E+00  1.400243562526238E+00  1.400521496771673E+00  5.088963401376662E-04  2.611473419762716E-02  3.821528314182117E-02 -3.456179273965100E-02  2.755599451392254E-01                    6.973535264106201E+01  6.999893110199962E+01  2.195041460808854E-01 -4.744550678946741E-01
  A   C    926 2456226.830390   66.749804   36.235618 -1.754950725364034E-01 -9.052981344235507E-02 -1.737591586642047E-01  9.381856099286982E-02 -3.753787189613889E+00  1.400243590932938E+00  1.400521570778534E+00  5.089621057923530E-04  2.611625743664915E-02  3.821799536476714E-02 -3.456179008338788E-02  2.755599403687938E-01                    6.983824147730148E+01  6.971377662597148E+01  6.899725042403773E-02  1.850230986673231E-01
  A   C    926 2456226.829430   66.749095   36.234729 -6.956776457580013E-02 -1.210870509394998E-01 -1.392241104828008E-01 -1.088093900230248E-02 -3.007497702544096E+00  1.400243633325226E+00  1.400521637920839E+00  5.090391317822585E-04  2.611853037616304E-02  3.822045585352650E-02 -3.456178750761819E-02  2.755599357429218E-01                    6.993269194406427E+01  6.943687757119065E+01  1.123712221016866E-01  8.291234055737534E-02
  A   C    291 2456226.748230   66.685683   36.159934 -2.352419104925234E-01 -3.241261389806315E-01 -4.003993984620727E-01  8.765394108326774E-03 -8.584402672570796E+00  1.000352790821747E+00  1.000734700459918E+00  1.017337179475160E-03  2.656410534304285E-02  3.833909613464109E-02 -1.681770347386761E-01  2.378932154320683E-01     19.4 R  0.44   6.903804700947607E+01  4.554892479921998E+01  3.628191318514196E-01  1.695841619533115E-01
  A   C    291 2456226.745620   66.683725   36.157656  5.576011302258427E-02  1.198239902908189E-01  1.302409489485372E-01  2.245604752600386E-02  2.791626308212504E+00  1.000353330962906E+00  1.000734695915141E+00  1.018112203218506E-03  2.658443861374420E-02  3.833897776671927E-02 -1.681770279501756E-01  2.378932037844304E-01     19.7 R  0.74   6.883198714831460E+01  4.480411138281277E+01 -1.284425768475258E-01 -3.113652688261429E-02
  A   C    291 2456226.743020   66.681600   36.155434 -1.562445153309190E-01  7.305226293264145E-01  5.110961861766805E-01  5.448452523465940E-01  1.095235193603641E+01  1.000353865223962E+00  1.000734687720897E+00  1.018875637264611E-03  2.660453525756151E-02  3.833876413751047E-02 -1.681770211876836E-01  2.378931921814177E-01     19.7 R  0.74   6.862192935142122E+01  4.406332509227601E+01 -6.834802582369883E-01  3.015466748787587E-01
  d   C    850 2456225.739520   65.903329   35.310513 -2.130413580083968E-01 -4.066136494747026E-01 -4.559142861279467E-01 -5.351115645959184E-02 -1.118544764095638E+01  1.000264400896231E+00  1.000566123546140E+00  7.732466273896127E-04  2.299617882284168E-02  3.365293639947126E-02  1.245384026717192E-02 -4.748758235283579E-02     19.6 R  0.47   8.037309626013209E+01  6.416112492954205E+01  4.348449065378868E-01  1.470754480529854E-01
  d   C    850 2456225.717100   65.887287   35.292374 -2.781762881219051E+00 -4.910657991371442E-01 -1.977825762815060E+00  2.016818186737551E+00 -4.841867972310038E+01  1.000266684874550E+00  1.000567461909174E+00  7.774950034242686E-04  2.309531447318789E-02  3.369270710494785E-02  1.245375187620403E-02 -4.748729262690987E-02     18.7 R -0.43   7.797872750413042E+01  5.767564650855284E+01  1.037875003069334E+00  2.627197332601801E+00
  d   C    850 2456225.709620   65.882371   35.286902 -2.314626659062157E+00  1.582289563482712E+00 -5.419130404757500E-03  2.803766656940839E+00 -1.325582298945900E-01  1.000267629118452E+00  1.000567854561268E+00  7.791390381709901E-04  2.313617491574137E-02  3.370436631684788E-02  1.245372238626389E-02 -4.748719596544753E-02     20.0 R  0.87   7.715365970361985E+01  5.552387665786489E+01 -1.047681814354597E+00  2.600672922420578E+00
  d   C    850 2456225.702150   65.877287   35.280652 -2.331190855667817E+00  8.325145441465116E-01 -6.347805096280401E-01  2.392610494075684E+00 -1.551568056630226E+01  1.000268635277245E+00  1.000568118233319E+00  7.807829120947463E-04  2.317963531981610E-02  3.371219362669690E-02  1.245369293574910E-02 -4.748709943321273E-02     20.0 R  0.87   7.631856532852179E+01  5.338195086120554E+01 -2.742819534659955E-01  2.460142410869319E+00
  A   C    204 2456225.684810   65.854015   35.265249  1.950506055726239E-01 -3.234891687856860E-01 -1.479663301337815E-01 -3.475571121451007E-01 -3.724672675851683E+00  1.000270653012643E+00  1.000518300523089E+00  7.485857747026808E-04  2.326654592870671E-02  3.219972923369750E-02 -4.535710681938609E-02  4.191414538924812E-03     19.1 R -0.03   2.674678643406712E+02  5.599181787823006E+01 -3.777269324006964E-01 -3.513629932505091E-03
  A   C    204 2456225.675170   65.847390   35.257860  2.818557263931198E-02 -1.074450788943380E-01 -7.075096732279239E-02 -8.563394249072974E-02 -1.783089954832742E+00  1.000268534913535E+00  1.000518547402067E+00  7.458292739283009E-04  2.317530751409339E-02  3.220740032733774E-02 -4.535709784580641E-02  4.191471811478859E-03                    2.647069728699216E+02  5.840060257520340E+01 -1.060918088821287E-01 -3.291503564869654E-02
  A   C    204 2456225.665530   65.840849   35.250360  3.064819159375677E-02 -2.842330500257007E-01 -2.131754812318222E-01 -1.904834706121797E-01 -5.378290602335295E+00  1.000266539730541E+00  1.000518854850365E+00  7.432744118922553E-04  2.308903427859120E-02  3.221695067033028E-02 -4.535708887222630E-02  4.191529084035670E-03                    2.617137463070931E+02  6.079803331063800E+01 -2.561621566100079E-01 -1.269200058936014E-01
  A   C    461 2456225.519600   65.742409   35.136939  6.005200138335560E-02 -1.847849972196898E-01 -1.174342356157514E-01 -1.547932116501609E-01 -2.983614317827351E+00  1.000252424836117E+00  1.000522047084404E+00  7.255531872167401E-04  2.246925176635580E-02  3.231594941163202E-02 -2.221990071506440E-01  2.201440316953803E-01     19.1 R -0.06   1.612498807077914E+02  7.667498550439782E+01 -8.957156223738480E-03 -1.940914923949217E-01
  A   C    461 2456225.516800   65.740450   35.134800 -2.795885606606052E-01 -6.799559398439430E-02 -2.154025141910512E-01  1.907745290486482E-01 -5.472383185469385E+00  1.000252324531128E+00  1.000522226589984E+00  7.255336900813223E-04  2.246478646951228E-02  3.232150679926485E-02 -2.221989992546815E-01  2.201440190465082E-01     19.2 R  0.04   1.578535029524785E+02  7.643667583767888E+01  2.868843940435897E-01  2.214742666649112E-02
  A   C    461 2456225.514000   65.738575   35.132578 -3.749941317602848E-01 -2.498932700463886E-01 -4.191908467204922E-01  1.653671046335513E-01 -1.064911290040622E+01  1.000252239872845E+00  1.000522397114368E+00  7.255303579393830E-04  2.246101708783901E-02  3.232678526324621E-02 -2.221989913587204E-01  2.201440063976381E-01     19.3 R  0.14   1.545697332914447E+02  7.616178479878924E+01  4.391041769752004E-01 -1.012658236131743E-01
  A   C    H21 2456224.876395   65.303830   34.658058  5.910383396309634E-01 -4.866715187951968E-01 -6.105612709550845E-02 -7.631825702046967E-01 -1.683864860667103E+00  1.000215132852265E+00  1.000442165032240E+00  6.164951191704958E-04  2.074293866873914E-02  2.974026046181494E-02 -2.366596453528409E-01  1.927097052988111E-01     19.0 V -0.66   2.531284406010228E+02  7.698900909469280E+01 -6.973658940881915E-01  3.160004681693960E-01
  A   C    H21 2456224.873036   65.301663   34.655669  1.815308732255259E-01 -4.561891929711647E-01 -2.705350880153445E-01 -4.097228378675447E-01 -7.461477722219592E+00  1.000214787375185E+00  1.000442440017560E+00  6.161914416327606E-04  2.072627365834553E-02  2.974950964405993E-02 -2.366596369840790E-01  1.927096954586184E-01     19.3 V -0.36   2.510605575873718E+02  7.787692477855579E+01 -4.884802028958327E-01 -4.948867645439900E-02
  A   C    H21 2456224.868943   65.299122   34.652863 -3.239421899348686E-02 -3.616526371772576E-02 -4.818795319358758E-02  5.935730029511834E-03 -1.329093303868360E+00  1.000214392909067E+00  1.000442786737765E+00  6.158665231658848E-04  2.070722917117421E-02  2.976116753623320E-02 -2.366596267865982E-01  1.927096834681736E-01     19.2 V -0.46   2.481771480169891E+02  7.894286671275037E+01 -1.554950548595710E-02 -4.599483235230890E-02
  A   C    H21 2456224.865517   65.296997   34.650446 -2.093309708835469E-01  7.260273084414355E-02 -5.985461466061202E-02  2.133261282658671E-01 -1.650906461049490E+00  1.000214081071428E+00  1.000443074773371E+00  6.156185966101900E-04  2.069216154071953E-02  2.977084878980394E-02 -2.366596182509100E-01  1.927096734317049E-01     19.2 V -0.46   2.453767945327348E+02  7.981745416164132E+01  1.713267233598624E-01 -1.404911590102651E-01
  d   C    954 2456224.572850   65.115482   34.444780  3.449241495625603E+00  3.013360229475971E-01  2.184068356335248E+00 -2.686617894068017E+00  6.139235906159698E+01  1.000199070449556E+00  1.000433667311180E+00  5.873177609348018E-04  1.995343627564310E-02  2.945304365847133E-02 -6.940261008741476E-02 -7.472556545403092E-03     19.5 V -0.21   6.659032309653891E+01  6.968272550512214E+01  3.933891347644953E-01 -3.439958616404578E+00
  A   C    118 2456223.661140   64.558187   33.836011  6.077447809945796E-01  2.273007271211565E-01  5.418335641170717E-01 -3.569814115218707E-01  1.692252090351806E+01  1.000178080983857E+00  1.000334475728219E+00  4.878877367820035E-04  1.887212287513116E-02  2.586554990164398E-02 -1.840431126450925E-01 -1.403886258835025E-01                    2.611315272655984E+02  5.541356099936406E+01 -1.934654260054420E-01  6.193468077884320E-01
  A   C    118 2456223.647730   64.550853   33.827817  4.452264188553559E-01  6.956283552885906E-01  8.245085276872262E-01  4.807349060882554E-02  2.578762165537890E+01  1.000176236351473E+00  1.000334866133613E+00  4.856378110444744E-04  1.877410878881497E-02  2.588064530052295E-02 -1.840425736750555E-01 -1.403882980222971E-01                    2.565493693310915E+02  5.855815443468136E+01  2.603674197290173E-01  7.837947304453985E-01
  A   C    C32 2456223.374350   64.403998   33.657753 -5.758830590356045E-02  3.753262016644370E-02 -2.137125836426400E-03  6.870620966521054E-02 -6.709935134235880E-02  1.000165838596333E+00  1.000341341556329E+00  4.756283425576545E-04  1.821178851979460E-02  2.612975646076695E-02 -2.423750329811018E-01  1.902917259825078E-01     19.1 R -0.39   9.675657817134235E+01  5.992673447788311E+01 -3.469396034819133E-03  6.865183059873749E-02
  A   C    C32 2456223.369570   64.401414   33.654753 -2.874727213892198E-01  2.748520256281292E-02 -1.419207862100088E-01  2.515044579015964E-01 -4.453523309966841E+00  1.000166192511652E+00  1.000341526205143E+00  4.762642451025513E-04  1.823121523500733E-02  2.613682490519218E-02 -2.423750223806909E-01  1.902917083151561E-01     19.1 R -0.39   9.535087691999183E+01  5.868553807446376E+01  1.196935086565207E-01  2.628107035269125E-01
  A   C    C32 2456223.364980   64.399164   33.651864  1.905264110607845E-01 -8.794771803387627E-03  1.018526281231767E-01 -1.612566385212669E-01  3.194497678536423E+00  1.000166560127749E+00  1.000341690423817E+00  4.769052076109351E-04  1.825137206836022E-02  2.614310969609457E-02 -2.423750122016354E-01  1.902916913500633E-01     19.2 R -0.29   9.405578352204131E+01  5.749087179685937E+01 -8.695408314302011E-02 -1.697546722407266E-01
  A   C    703 2456223.006100   64.193213   33.436998  1.183223790486122E-01  1.474694237157165E+00  1.264784493568464E+00  7.674916698681753E-01  4.245849314241656E+01  1.300117001993516E+00  1.300224295037668E+00  2.491556175712921E-04  1.744089688515872E-02  2.414919083013586E-02 -1.306424114866100E-02 -9.159994788174336E-02                    2.825172256240490E+02  5.795088088636217E+01  1.438013138723267E+00  3.476226277860665E-01
  A   C    703 2456223.005560   64.192754   33.436192 -4.465502627395885E-01 -2.989421998373766E-01 -5.037716383420869E-01  1.870500264595947E-01 -1.691302154289788E+01  1.300116938122692E+00  1.300224296923032E+00  2.490886513985946E-04  1.743613509763885E-02  2.414929238329375E-02 -1.306424264188458E-02 -9.159994019385977E-02     19.3 V -0.64   2.824683703549325E+02  5.811103698838841E+01 -2.259442394675134E-01 -4.875682276864676E-01
  A   C    703 2456223.003920   64.191671   33.435387 -1.236138043781171E+00  2.222190940791101E-01 -5.429295681133008E-01  1.132539656314421E+00 -1.823050397899495E+01  1.300116754609805E+00  1.300224374076540E+00  2.489359284181532E-04  1.742244635636509E-02  2.415344618560762E-02 -1.306424717686035E-02 -9.159991684547032E-02     19.9 V -0.04   2.823238255017274E+02  5.859813061051761E+01  4.073452093566509E-01 -1.188060802094983E+00
  A   C    703 2456222.991910   64.186046   33.428609 -1.390973538420711E-01  8.928996882561385E-01  6.447289618325803E-01  6.332001997062690E-01  2.166968527604094E+01  1.300115542472494E+00  1.300224926648681E+00  2.479450832318879E-04  1.733175826256893E-02  2.418317482241818E-02 -1.306428038726437E-02 -9.159974586121666E-02     19.1 V -0.84   2.813053528102874E+02  6.217488480923206E+01  9.033066822533254E-01 -2.559228266234220E-02
  A   C    703 2456222.986300   64.183504   33.425137  5.992070767593599E-01  1.144590035812448E-01  4.415197959286108E-01 -4.209634831460642E-01  1.484541220300578E+01  1.300115017953565E+00  1.300225189949952E+00  2.475264015014071E-04  1.729236813738256E-02  2.419732769935249E-02 -1.306429590020023E-02 -9.159966599263819E-02     19.6 V -0.34   2.808578797866522E+02  6.385004337412495E+01  4.572941306256603E-02  6.083245886213011E-01
  A   C    703 2456222.980780   64.180629   33.421914  1.828776974466974E-01  5.506616625830841E-02  1.509768349039193E-01 -1.169723480664903E-01  5.078021258928591E+00  1.300114515761322E+00  1.300225469537804E+00  2.471387035425001E-04  1.725457046158360E-02  2.421234691885935E-02 -1.306431116426613E-02 -9.159958740537033E-02     19.3 V -0.64   2.804395815410197E+02  6.550047445695290E+01  3.631511787909647E-02  1.875039922329276E-01
  A   C    703 2456222.975200   64.177796   33.418942 -3.694241990997681E-02  1.028534211250347E+00  8.169886653061833E-01  6.259208311459205E-01  2.748602868355892E+01  1.300114035593387E+00  1.300225774733542E+00  2.467868742201488E-04  1.721835290536123E-02  2.422873111184472E-02 -1.306432659424448E-02 -9.159950796389982E-02     19.3 V -0.64   2.800427764973433E+02  6.717116552586670E+01  1.027792602129031E+00  5.375623788217296E-02
