! Rej Type Stn UTC               RA          Dec       ResRA                  ResDec                 ResAT                  ResCT                  ResT                   SigRA                  SigDec                 Corr                   dRA                    dDec                   BiasRA                 BiasDec                   Mag    ResMag     Azimuth                Elevation              AzRes                  ElRes
  A   S    C51 2459901.789343  343.938763    5.654910 -2.236405337034160E+00 -6.998479000853344E-01  0.000000000000000E+00  0.000000000000000E+00  0.000000000000000E+00  1.000000021954281E+00  1.000000021954281E+00  0.000000000000000E+00  0.000000000000000E+00  0.000000000000000E+00 -7.738650715479092E-02  1.025066551943062E-01                   -5.729577951308232E+91 -5.729577951308232E+91  0.000000000000000E+00  0.000000000000000E+00
  A   S    C51 2459901.724145  344.090622    5.726810 -1.895134265457287E+00 -7.797313263078572E-01  0.000000000000000E+00  0.000000000000000E+00  0.000000000000000E+00  1.000000021926209E+00  1.000000021926209E+00  0.000000000000000E+00  0.000000000000000E+00  0.000000000000000E+00 -7.738616086013292E-02  1.025055823948668E-01                   -5.729577951308232E+91 -5.729577951308232E+91  0.000000000000000E+00  0.000000000000000E+00
  A   S    C51 2459901.593878  344.393601    5.870072 -1.943681885211728E+00 -7.878153605186600E-01  0.000000000000000E+00  0.000000000000000E+00  0.000000000000000E+00  1.000000021869204E+00  1.000000021869204E+00  6.203854458474350E-25  0.000000000000000E+00  0.000000000000000E+00 -7.738546895599296E-02  1.025034389186210E-01                   -5.729577951308232E+91 -5.729577951308232E+91  0.000000000000000E+00  0.000000000000000E+00
  A   C    G96 2459900.667783  346.535308    6.872589 -1.661074699599359E+00 -2.112762647833597E-01  1.596968495991903E+00 -5.034862863269162E-01  1.495088583646010E+01  5.093230233074768E-01  5.019954577776270E-01  1.696480543863002E-02 -9.700463500865449E-02 -4.471461474130152E-02  0.000000000000000E+00  0.000000000000000E+00     19.86G  0.04   2.188709911997344E+02  5.902390555746113E+01  1.291526704845014E+00 -1.065723035492978E+00
  A   C    G96 2459900.662595  346.547354    6.878050 -2.122941131340546E+00 -6.053493397577477E-01  2.181441160185360E+00 -3.385872633927175E-01  2.042162586657120E+01  5.093254538273342E-01  5.019942354888135E-01  1.696178977664524E-02 -9.701739567541964E-02 -4.470089049694022E-02  0.000000000000000E+00  0.000000000000000E+00     19.90G  0.08   2.157161024116011E+02  5.999257050830110E+01  1.541637912986177E+00 -1.580088420158503E+00
  A   C    G96 2459900.657436  346.559492    6.883589 -2.019654603845206E+00 -6.011658113640683E-01  2.085930063310561E+00 -2.988324322481659E-01  1.952678427777704E+01  5.093274835365438E-01  5.019930045239893E-01  1.695837981773468E-02 -9.702805077915622E-02 -4.468706460885739E-02  0.000000000000000E+00  0.000000000000000E+00     19.86G  0.04   2.124050256357434E+02  6.088363201994378E+01  1.523084681100960E+00 -1.456234220786869E+00
  A   C    G96 2459900.652260  346.571625    6.889131 -2.078707213556693E+00 -6.464637766964981E-01  2.158559732695746E+00 -2.820620049879152E-01  2.020629055219941E+01  5.093291431319772E-01  5.019917636325384E-01  1.695459780452503E-02 -9.703676211123759E-02 -4.467312293074101E-02  0.000000000000000E+00  0.000000000000000E+00     20.00G  0.18   2.089080049820612E+02  6.169808972086743E+01  1.628496540894068E+00 -1.444623864740392E+00
  A   C    F52 2459894.718647  359.605183   12.583886 -1.172282903645024E+00 -2.226054191369888E-02  1.095665103617599E+00 -4.174454678390200E-01  1.189139966674836E+01  5.072514467927908E-01  5.011842860761524E-01  1.157546301010149E-02 -8.546341361760376E-02 -3.443331821734270E-02  0.000000000000000E+00  0.000000000000000E+00     20.08w  0.24   1.028357537387108E+02  6.288356507790646E+01  4.368142248490329E-01  1.088088264285684E+00
  A   C    F52 2459894.712249  359.618679   12.589214 -1.018401395156866E+00  1.167516671715163E-01  9.010137000586965E-01 -4.888217116202163E-01  9.785134075110106E+00  5.072425276867367E-01  5.011823896478144E-01  1.155926059888133E-02 -8.541046011652403E-02 -3.440570441627496E-02  0.000000000000000E+00  0.000000000000000E+00     20.07w  0.23   1.011603175146191E+02  6.075981781616166E+01  2.354576489390220E-01  9.976632944051189E-01
  A   C    F52 2459894.705917  359.632058   12.594453 -7.582851917970559E-01  1.471058179350990E-01  6.484162372604421E-01 -4.197534240790208E-01  7.046575419751392E+00  5.072332480995012E-01  5.011805375422106E-01  1.154299171283646E-02 -8.535533252389145E-02 -3.437871469082332E-02  0.000000000000000E+00  0.000000000000000E+00     20.19w  0.35   9.967191506187127E+01  5.864635524673513E+01  1.083177154484314E-01  7.647900537341923E-01
  A   C    F52 2459885.808749   15.590542   18.195442 -3.889149601704777E-01  2.649785844291856E-01  2.968282156363678E-01 -3.651869478125269E-01  4.640215702886673E+00  5.037429353612103E-01  5.003349732893330E-01  4.451530348293872E-03 -6.129373680535381E-02 -1.830471910937432E-02  0.000000000000000E+00  0.000000000000000E+00     19.62i -0.14   9.408439600199901E+01  7.152971018762230E+01 -1.889014916680084E-01  4.310275198829197E-01
  A   C    F52 2459885.796067   15.610267   18.200903 -1.004306657306063E-01 -1.179019457519424E-01  1.299292913375590E-01  8.429452345026020E-02  2.034099983614449E+00  5.037331373572012E-01  5.003329491082263E-01  4.432324638045522E-03 -6.121315979951118E-02 -1.824930750046866E-02  0.000000000000000E+00  0.000000000000000E+00     19.54i -0.23   9.185060227264429E+01  6.723579086089224E+01  1.334893067375966E-01  7.853529409081703E-02
  A   C    F52 2459885.783418   15.629700   18.206533 -5.439394674791140E-01  2.212897774578084E-01  4.581969639482357E-01 -3.672803454003599E-01  7.184620130710819E+00  5.037223149326384E-01  5.003309771762258E-01  4.412852604024831E-03 -6.112403649678332E-02 -1.819516415646983E-02  0.000000000000000E+00  0.000000000000000E+00     19.78i  0.01   9.006111221144768E+01  6.294816739170851E+01 -1.257410510206952E-01  5.736100574237422E-01
  A   C    703 2459882.735715   19.942725   19.393731 -1.354388424914460E+00  2.994830495643883E-01  1.232336516408545E+00 -6.367140746400310E-01  2.239316922257215E+01  2.000707237436965E+00  2.000049771402598E+00  1.875542161214029E-04 -5.319239315541081E-02 -1.410917589840039E-02  0.000000000000000E+00  0.000000000000000E+00     20.03G  0.13   1.503471768759424E+02  7.541116893007468E+01  1.080809147261590E+00  8.694306698736729E-01
  A   C    703 2459882.730447   19.949942   19.395589 -1.073899304087067E+00  5.669003430494086E-01  8.928876487521670E-01 -8.230354554781039E-01  1.623216801494056E+01  2.000706710594757E+00  2.000049624164455E+00  1.872068468107425E-04 -5.317257358292593E-02 -1.408828885686389E-02  0.000000000000000E+00  0.000000000000000E+00     19.65G -0.25   1.442656242338674E+02  7.454150490414051E+01  6.179493443896165E-01  1.045358465808404E+00
  A   C    703 2459882.725174   19.957246   19.397331 -5.102358055571694E-01  4.176761150701740E-01  3.863850549526200E-01 -5.343224716235953E-01  7.027561662143663E+00  2.000706144107963E+00  2.000049478338200E+00  1.868566700940120E-04 -5.315125435479408E-02 -1.406757154030248E-02  0.000000000000000E+00  0.000000000000000E+00     19.51G -0.39   1.388196723818148E+02  7.353897864135696E+01  1.652786999288164E-01  6.383391463193500E-01
  A   C    703 2459882.719900   19.964533   19.398989  1.921106420855900E-03 -2.334500193333848E-02  4.110017857106600E-03  2.306051860566228E-02  7.478988927866043E-02  2.000705541259263E+00  2.000049334074236E+00  1.865044281222069E-04 -5.312855728568461E-02 -1.404704611405613E-02  0.000000000000000E+00  0.000000000000000E+00     19.81G -0.09   1.339735660166262E+02  7.242699061721646E+01  1.359291504463774E-02 -1.907648882099869E-02
  A   C    K88 2459880.437590   22.823708   20.097583 -2.762520695930915E-01  4.207460558916813E-01  1.690048621951465E-01 -4.741094874153771E-01  3.467665035305342E+00  1.001120727697280E+00  1.000066324494033E+00  5.447549917765653E-04 -4.735709526934544E-02 -1.151678923240226E-02  0.000000000000000E+00  0.000000000000000E+00     19.2 G -0.78   2.007755863487843E+02  6.101199045305924E+01  3.735314821984211E-01  3.373672795484962E-01
  A   C    K88 2459880.435180   22.826792   20.098111  2.793591846411730E-01 -7.867365140031027E-02 -2.528756455061211E-01  1.424254379593094E-01 -5.189066099488205E+00  1.001120571698011E+00  1.000066238629914E+00  5.443644238269730E-04 -4.735379738120694E-02 -1.150933086031964E-02  0.000000000000000E+00  0.000000000000000E+00     19.6 G -0.38   1.991310401352989E+02  6.121218500154576E+01 -2.900036915507760E-01 -1.135589517464364E-02
  A   C    K88 2459880.432780   22.829542   20.098917 -2.503780623117678E-01  4.334310404859960E-01  1.409959314385434E-01 -4.802830293291094E-01  2.893559677266171E+00  1.001120421365529E+00  1.000066150389069E+00  5.439652745125849E-04 -4.735061907516820E-02 -1.150166099824256E-02  0.000000000000000E+00  0.000000000000000E+00     19.5 G -0.48   1.974760847966478E+02  6.139590554972761E+01  3.371878826383107E-01  3.699404989264986E-01
  A   C    G96 2459877.756997   25.808296   20.748089 -1.453843321020752E-01  1.950106034185001E-01  1.022715162399633E-01 -2.206949850639859E-01  2.406237031238218E+00  5.017274333250878E-01  5.000760837013554E-01  1.446073102883582E-03 -4.159810960497241E-02 -8.722090449645992E-03  0.000000000000000E+00  0.000000000000000E+00     19.73G -0.40   1.377030762323479E+02  7.496126875494832E+01 -3.316729620829267E-03  2.432174721748208E-01
  A   C    G96 2459877.751740   25.813933   20.749200 -7.188913967775933E-02  2.335918780274487E-01  2.249984934152636E-02 -2.433659192730310E-01  5.296502416334612E-01  5.017258682481455E-01  5.000757762945460E-01  1.442498413856340E-03 -4.157922853190807E-02 -8.704447859914597E-03  0.000000000000000E+00  0.000000000000000E+00     19.81G -0.32   1.326008476464447E+02  7.382858079563378E+01 -1.018076673775506E-01  2.221900374617179E-01
  A   C    G96 2459877.746469   25.819667   20.750289  2.826189826829823E-01  1.896401145732381E-01 -3.154411102039645E-01 -1.278036322699987E-01 -7.429627090144927E+00  5.017241933964889E-01  5.000754705295500E-01  1.438890207472755E-03 -4.155901369798341E-02 -8.686863964781470E-03  0.000000000000000E+00  0.000000000000000E+00     19.76G -0.37   1.281158457113652E+02  7.260147274984882E+01 -3.335440351295125E-01 -6.771439328382969E-02
  A   C    G96 2459877.741198   25.825292   20.751400  2.817175667747992E-01  2.336665055917892E-01 -3.235152994595287E-01 -1.711802391650468E-01 -7.624184590622201E+00  5.017224297369389E-01  5.000751673646179E-01  1.435266578399774E-03 -4.153771642217264E-02 -8.669394395332089E-03  0.000000000000000E+00  0.000000000000000E+00     19.83G -0.30   1.241737524310045E+02  7.130123696817779E+01 -3.617685496748486E-01 -5.557283267265398E-02
  A   C    F52 2459870.053097   32.397333   21.844803  5.115067456978247E-01  3.126633379851817E-01 -5.494911549972601E-01 -2.397018656460401E-01 -1.985492960739447E+01  3.012500294216233E-01  3.000239347940052E-01  1.149090943088247E-03 -2.741478677329855E-02 -3.788371229703467E-03  0.000000000000000E+00  0.000000000000000E+00     20.57w -0.43   2.788186439486106E+02  5.636170113507439E+01  2.687543964575492E-01  5.358811325279181E-01
  A   C    F52 2459870.039591   32.406896   21.846050  4.285609261937806E-01  3.953353446944988E-01 -4.782015677136705E-01 -3.335832172951407E-01 -1.726550061805287E+01  3.012524360166719E-01  3.000235153406045E-01  1.140061284619575E-03 -2.744121936035482E-02 -3.755006170175697E-03  0.000000000000000E+00  0.000000000000000E+00     20.57w -0.43   2.782020915430844E+02  6.088103275330326E+01  3.684286324562019E-01  4.519013664643237E-01
  A   C    F52 2459870.012557   32.426071   21.848378  3.026178501108757E-01  7.442104927757642E-02 -3.098243545229759E-01 -3.353990348413736E-02 -1.117654275458873E+01  3.012555159564781E-01  3.000226397777260E-01  1.119989789984684E-03 -2.747501085787027E-02 -3.684386873193334E-03  0.000000000000000E+00  0.000000000000000E+00     20.89w -0.12   2.774744478590851E+02  6.994361179987331E+01  7.177062330690570E-02  3.032573715698703E-01
  A   C    G96 2459869.855077   32.534717   21.861000  5.988322029475979E-01  4.036388001671619E-01 -6.458040323706211E-01 -3.232049505519752E-01 -2.355341543342967E+01  5.007387943797045E-01  5.000124639475181E-01  3.832574185982866E-04 -2.719063446408823E-02 -3.529094584719996E-03  0.000000000000000E+00  0.000000000000000E+00     20.29G -0.61   2.227981119635488E+02  7.626435219264276E+01 -2.219622079613675E-01  6.872096234230269E-01
  A   C    G96 2459869.849925   32.538283   21.861361  4.017402044281252E-01  1.334504994129302E-01 -4.155376969950780E-01 -8.082481069287512E-02 -1.515802030247556E+01  5.007386148599783E-01  5.000123705639310E-01  3.817716736189147E-04 -2.718732830113385E-02 -3.515839192264291E-03  0.000000000000000E+00  0.000000000000000E+00     20.31G -0.59   2.166538916490154E+02  7.727072061464747E+01 -2.652032950358010E-01  3.299567243597501E-01
  A   C    G96 2459869.844777   32.541883   21.861850  3.270951171745770E-01  3.304270980801781E-01 -3.666382563460600E-01 -2.859189951868514E-01 -1.337717383053752E+01  5.007383824070072E-01  5.000122762553079E-01  3.802528883154670E-04 -2.718304667237794E-02 -3.502401579021006E-03  0.000000000000000E+00  0.000000000000000E+00     20.40G -0.50   2.096175929107380E+02  7.813130195214221E+01 -1.440971680505547E-01  4.420512289152323E-01
  A   C    F51 2457584.046070  320.089368  -13.356251 -8.040694487308944E-01 -1.499362209065370E-01  8.149740157267781E-01 -6.946871534948257E-02  1.776313528524797E+01  2.048313744727386E-01  2.003724295102536E-01  1.315756886632697E-02 -4.422534867949197E-02 -1.221065130420697E-02 -5.093703877063241E-03  1.143614259805852E-01     21.0 w -0.12   2.014569523584077E+02  5.374007540549695E+01  6.995929655684461E-01 -4.237667179641864E-01
  A   C    F51 2457584.021340  320.116385  -13.349015 -6.837195039154496E-01 -2.262386838137563E-01  7.192979018953068E-01  3.559256126185098E-02  1.565923598978874E+01  2.048407797955665E-01  2.003752648653562E-01  1.321981804959245E-02 -4.426888927502028E-02 -1.225709020322006E-02 -5.093666638184682E-03  1.143610149987773E-01     21.0 w -0.12   1.867464953005200E+02  5.580143368868827E+01  6.534978964327205E-01 -3.026496348092536E-01
  A   C    F51 2457584.008960  320.129922  -13.345343 -6.057575870161767E-01 -1.226861328768090E-01  6.165126072138408E-01 -4.366172894331281E-02  1.341630451987579E+01  2.048434269870180E-01  2.003767023332980E-01  1.324853691535660E-02 -4.428113669116147E-02 -1.228056695933389E-02 -5.093647996157963E-03  1.143608092585901E-01     21.0 w -0.12   1.789684035832482E+02  5.601452806609459E+01  6.076758444611179E-01 -1.128016377933929E-01
  A   C    G96 2457581.867230  322.452375  -12.694712 -2.185350881925829E-01  1.499542157788416E-01  1.687786928148752E-01 -2.043467749999724E-01  3.547800926374336E+00  5.020871244426804E-01  5.001716800110317E-01  2.386220988645753E-03 -4.573258592165459E-02 -1.310337242926142E-02  1.495841287338558E-03 -3.516421100850519E-02     20.4 V -0.84   1.656227549867392E+02  4.381440866120455E+01  1.814208678117631E-01  1.932105595552795E-01
  A   C    G96 2457581.858900  322.461750  -12.692074 -1.928488220975023E-01  2.193280955488252E-01  1.248960130909157E-01 -2.640008855959814E-01  2.625418699204416E+00  5.020866743269931E-01  5.001720445979165E-01  2.388496231902968E-03 -4.572764391910938E-02 -1.311728168916791E-02  1.495840603149654E-03 -3.516418318482180E-02     20.7 V -0.54   1.616883652937649E+02  4.310038094585135E+01  1.262517747893010E-01  2.633552183731994E-01
  A   C    G96 2457581.850450  322.471166  -12.689407 -4.898105146592496E-01  2.426792478651484E-01  4.037864105211357E-01 -3.684617921760817E-01  8.488568714907183E+00  5.020859697616805E-01  5.001724104725089E-01  2.390632249418689E-03 -4.571990716134239E-02 -1.313122527392568E-02  1.495839909104488E-03 -3.516415496031710E-02                    1.578131644271375E+02  4.220894784870469E+01  3.840745689692844E-01  3.889656579791082E-01
  A   C    G96 2457581.842120  322.480791  -12.686907  4.255872157428124E-01 -2.078798435262270E-01 -3.515594412547382E-01  3.174026887297335E-01 -7.391554035205707E+00  5.020850521951745E-01  5.001727668239330E-01  2.392577293635816E-03 -4.570982952106280E-02 -1.314479171846789E-02  1.495839224915622E-03 -3.516412713663526E-02     20.9 V -0.34   1.541220312874847E+02  4.117422373374894E+01 -3.159818641852563E-01 -3.528370290295780E-01
  A   C    926 2457555.916630  352.272852   -3.053606  8.451870038836313E+00  2.631263666178153E+00 -8.848593961281633E+00  2.450317177396908E-01 -1.811357661556652E+02  1.001067707198974E+00  1.000124921952020E+00  7.297466608752972E-04 -4.622270914387717E-02 -1.580645290771185E-02 -2.165848464686447E-01  1.800071753349085E-01     21.9 R  0.83   1.176829992995980E+02  3.268349753653195E+01 -7.519813519971247E+00 -4.670124223103616E+00
  A   C    926 2457555.913800  352.276019   -3.052328  8.543461583768684E+00  3.369717655136729E+00 -9.174247657491602E+00 -4.229808833521171E-01 -1.878611823749905E+02  1.001066949978119E+00  1.000124929365723E+00  7.295099008550341E-04 -4.620630673810665E-02 -1.580692198611679E-02 -2.165848311273733E-01  1.800071324878209E-01     21.3 R  0.23   1.168936832674197E+02  3.190750390869922E+01 -8.102653381734431E+00 -4.323510273385564E+00
  A   C    926 2457555.910950  352.279227   -3.051300  8.709129627414081E+00  3.180770319253936E+00 -9.269861871927581E+00 -1.894718088049081E-01 -1.898801818176383E+02  1.001066176409484E+00  1.000124936395193E+00  7.292663293889342E-04 -4.618954421598692E-02 -1.580736674038328E-02 -2.165848156776796E-01  1.800070893379177E-01     21.7 R  0.63   1.161132413675236E+02  3.112038183820076E+01 -8.029024923762318E+00 -4.636916805895419E+00
  A   C    291 2457555.905960  352.284560   -3.049494  7.932726353895557E+00  2.999052243219646E+00 -8.476530979663400E+00 -2.662410827737469E-01 -1.737810598486975E+02  5.021248013263199E-01  5.002498551689163E-01  2.904054346772739E-03 -4.614434473063299E-02 -1.580829023471682E-02 -2.165847886271670E-01  1.800070137877466E-01     20.9 R -0.17   1.145124537443737E+02  2.896444145548814E+01 -7.351749597564018E+00 -4.227793705716685E+00
  A   C    291 2457555.901860  352.289102   -3.047939  7.929129279202423E+00  3.003917430219971E+00 -8.474753214413250E+00 -2.704977054926387E-01 -1.738290062398693E+02  5.021224840846478E-01  5.002498726225076E-01  2.902581710513809E-03 -4.611912257198519E-02 -1.580884253535159E-02 -2.165847664012940E-01  1.800069517124530E-01     21.1 R  0.03   1.134485102372484E+02  2.781461436889033E+01 -7.309923523852563E+00 -4.296467052042416E+00
  A   C    291 2457555.897750  352.293519   -3.046356  7.445409656401594E+00  3.094945523075343E+00 -8.046780018649745E+00 -5.120000721693421E-01 -1.651325909425309E+02  5.021201203602133E-01  5.002498889023288E-01  2.901069675059475E-03 -4.609338036939001E-02 -1.580935767558242E-02 -2.165847441212111E-01  1.800068894857552E-01     20.9 R -0.17   1.124062397281702E+02  2.665285681349473E+01 -7.040060119488869E+00 -3.930695390962872E+00
  A   S    C51 2457554.198220  354.134461   -2.404400  1.000961276527790E+01  3.376795264952309E+00  0.000000000000000E+00  0.000000000000000E+00  0.000000000000000E+00  1.300000006012337E+00  1.300000006012337E+00 -9.942074624127659E-27  0.000000000000000E+00  0.000000000000000E+00 -1.024379206180392E-02  3.983696810865842E-02                   -5.729577951308232E+91 -5.729577951308232E+91  0.000000000000000E+00  0.000000000000000E+00
  A   S    C51 2457554.198100  354.134295   -2.404372  8.970772109968108E+00  3.556154611192146E+00  0.000000000000000E+00  0.000000000000000E+00  0.000000000000000E+00  1.300000006012337E+00  1.300000006012337E+00  0.000000000000000E+00  0.000000000000000E+00  0.000000000000000E+00 -1.024379115831330E-02  3.983696581543492E-02                   -5.729577951308232E+91 -5.729577951308232E+91  0.000000000000000E+00  0.000000000000000E+00
  A   S    C51 2457554.067190  354.275753   -2.355261  9.183791317332421E+00  3.489511530116705E+00  0.000000000000000E+00  0.000000000000000E+00  0.000000000000000E+00  1.300000006014243E+00  1.300000006014243E+00 -9.942074624113078E-27  0.000000000000000E+00  0.000000000000000E+00 -1.024280552518306E-02  3.983446409933751E-02                   -5.729577951308232E+91 -5.729577951308232E+91  0.000000000000000E+00  0.000000000000000E+00
  A   S    C51 2457554.067070  354.275836   -2.355344  9.044682981350460E+00  3.269073790589312E+00  0.000000000000000E+00  0.000000000000000E+00  0.000000000000000E+00  1.300000006014243E+00  1.300000006014243E+00 -4.971037312056540E-27  0.000000000000000E+00  0.000000000000000E+00 -1.024280462169243E-02  3.983446180611402E-02                   -5.729577951308232E+91 -5.729577951308232E+91  0.000000000000000E+00  0.000000000000000E+00
  A   S    C51 2457554.001620  354.346714   -2.330622  9.844189147856989E+00  3.881934166803498E+00  0.000000000000000E+00  0.000000000000000E+00  0.000000000000000E+00  1.300000006015182E+00  1.300000006015182E+00  4.971037312052948E-27  0.000000000000000E+00  0.000000000000000E+00 -2.009069039438100E-02  4.034277566581428E-02                   -5.729577951308232E+91 -5.729577951308232E+91  0.000000000000000E+00  0.000000000000000E+00
  A   S    C51 2457553.870580  354.488006   -2.281845  9.533302279072400E+00  2.840587061890401E+00  0.000000000000000E+00  0.000000000000000E+00  0.000000000000000E+00  1.300000006017032E+00  1.300000006017032E+00 -4.971037312045874E-27  0.000000000000000E+00  0.000000000000000E+00 -2.008972889620248E-02  4.034056565518539E-02                   -5.729577951308232E+91 -5.729577951308232E+91  0.000000000000000E+00  0.000000000000000E+00
  A   S    C51 2457553.739550  354.629255   -2.232526  9.470031334479835E+00  3.864660498529332E+00  0.000000000000000E+00  0.000000000000000E+00  0.000000000000000E+00  1.300000006018845E+00  1.300000006018845E+00  4.971037312038945E-27  0.000000000000000E+00  0.000000000000000E+00 -1.657861194074980E-02  9.285408426703119E-02     19   R -2.12  -5.729577951308232E+91 -5.729577951308232E+91  0.000000000000000E+00  0.000000000000000E+00
  A   C    H01 2456239.007000  148.563488   61.802112  1.449339335267803E+00 -1.136521109216980E-01  1.440739157616797E+00  1.943501756652619E-01  2.516540458986724E+00  1.145952863994542E+00  1.007253070785730E+00 -5.850075996627010E-02  5.596491988976789E-01 -1.206565702181320E-01 -1.210320688727422E-01  3.960524780376110E-01     17.6 R  0.47   2.309229794739072E+01  5.757628155506490E+01  1.132674682995417E+00 -9.113448159579924E-01
  A   C    H01 2456238.998720  148.328280   61.825723  1.748475066451030E+00 -4.130517443163610E-01  1.796089878245237E+00 -4.287132781631420E-02  3.141442931119321E+00  1.145832721824666E+00  1.006953798479633E+00 -5.727464097005096E-02  5.594031523719500E-01 -1.181321833884105E-01 -1.210320829277734E-01  3.960524020951063E-01     17.6 R  0.47   2.474976093396246E+01  5.663308352395190E+01  1.492429852273394E+00 -1.000214945662253E+00
  A   C    H01 2456238.991500  148.122946   61.846001  1.714400797446129E+00 -3.206387616392457E-01  1.743793979767907E+00  3.408615370908069E-02  3.053479105528277E+00  1.145729607561339E+00  1.006698774174310E+00 -5.620902304224780E-02  5.591919126098348E-01 -1.159382741360390E-01 -1.210320951834888E-01  3.960523358747109E-01     17.9 R  0.77   2.606679792969549E+01  5.576497729072160E+01  1.341196542908170E+00 -1.114975848634519E+00
  A   C    H01 2456238.986220  147.972738   61.860557  1.670077922652191E+00 -3.733923467973063E-01  1.711026201595651E+00 -3.116808993531572E-02  2.998579319209434E+00  1.145655084138091E+00  1.006515914057368E+00 -5.543249903175932E-02  5.590392061695044E-01 -1.143396146307667E-01 -1.210321041461175E-01  3.960522874476061E-01     17.6 R  0.48   2.695640551164120E+01  5.510575526045940E+01  1.310782279304548E+00 -1.100196313684289E+00
  A   C    568 2456238.154736  125.311777   62.197403  8.091651226398034E-01  9.153119813005076E-02  8.138593780477310E-01 -2.755120127274244E-02  1.721365996097144E+00  6.846729502363145E-01  5.047401945140693E-01  9.339985695451547E-02  4.677354331131000E-01  6.900761235038447E-02 -7.296087795021777E-02 -1.351945432728145E-03     17.8 R  0.78   3.593738882028916E+02  4.766753951688627E+01  8.111434517079993E-01 -7.191979338815772E-02
  A   C    568 2456238.154207  125.299035   62.196478  7.859337951912536E-01 -7.696547379565807E-02  7.662368968625077E-01 -1.910409183050380E-01  1.620843443540939E+00  6.846215196376461E-01  5.047547325638758E-01  9.353294593564704E-02  4.676601456570243E-01  6.911386786036026E-02 -7.296087344593258E-02 -1.351941898819313E-03     17.9 R  0.88   3.594974662616940E+02  4.767010298775652E+01  7.842502718756825E-01  9.255876859743792E-02
  A   C    568 2456238.153698  125.286814   62.195678  8.254140981094487E-01  8.959862863956679E-02  8.296368270840292E-01 -3.223480662064085E-02  1.755164913578973E+00  6.845721680385667E-01  5.047687638406739E-01  9.366120196604497E-02  4.675878954974649E-01  6.921626768301449E-02 -7.296086911194302E-02 -1.351938498518619E-03     17.9 R  0.88   3.596164247538399E+02  4.767213846735024E+01  8.267174265748626E-01 -7.664622763839592E-02
  A   C    704 2456237.982980  121.253983   61.851269  1.377805310426244E+00 -1.519993557931635E-01  1.315121806533404E+00 -4.380706696191981E-01  2.897068555523128E+00  1.094063487271532E+00  1.004537749840613E+00  3.851318163227809E-02  4.438178982234414E-01  9.537034894332251E-02  2.924598754253431E-02  3.327751278308090E-01     18.7    0.48   8.152754267745506E+00  6.151666125041226E+01  1.372615432841788E+00 -1.933342988923260E-01
  A   C    704 2456237.968530  120.928570   61.817785  1.130508357811202E+00  7.330559945787856E-03  1.105386145653070E+00 -2.371167501218523E-01  2.442833702745491E+00  1.093251345110818E+00  1.004768809175328E+00  3.932559060920120E-02  4.418120849089380E-01  9.777410023403901E-02  2.247508231131237E-02  2.737471341989956E-01     18.9    0.68   1.271699270249048E+01  6.081045197609834E+01  1.040708116242183E+00 -4.416214453366945E-01
  A   C    704 2456237.953800  120.598740   61.782800  9.123913180302703E-01  1.589886063093513E-01  9.249153954794739E-01 -4.761097938766090E-02  2.050450893475868E+00  1.092445508261968E+00  1.005005605326960E+00  4.013049783643986E-02  4.398142852725344E-01  1.001782598503770E-01  8.853087608203125E-02  2.186633519226759E-01     19.0    0.78   1.699835654960965E+01  5.977653341225831E+01  7.029728544418519E-01 -6.029630669193666E-01
  A   C    704 2456237.924810  119.954448   61.711078 -4.499792295036456E-01 -1.095082651765654E+00 -6.933653965281237E-01 -9.596518890098575E-01 -1.546232049695317E+00  1.090920799613809E+00  1.005472920944418E+00  4.164306563955968E-02  4.360133167785979E-01  1.047626657294564E-01  8.853089751201124E-02  2.186631439725170E-01     19.7    1.48   2.405183384780386E+01  5.695161536611437E+01  4.637226896077954E-01  1.089334011370402E+00
  A   C    H21 2456236.882956  101.451640   58.114880  3.185147200874220E-01 -1.776381366266170E-01  1.895397620866844E-01 -3.115792244111737E-01  5.606515761757650E-01  1.138645277513507E+00  1.112555378890045E+00  3.869797623083761E-02  2.941302976412539E-01  1.666704385423334E-01  5.026672867432835E-02  3.109456174413976E-02     17.8 V  0.31   1.105813014414715E+01  7.087147681790202E+01  3.553316966697936E-01  8.213598382107094E-02
  A   C    H21 2456236.879728  101.408474   58.101991  1.714209888753924E-01 -6.116255366847621E-02  1.188686032154471E-01 -1.378269515293553E-01  3.518603842708460E-01  1.138553915627745E+00  1.112575485835559E+00  3.868493544660644E-02  2.937764169732153E-01  1.668046044345851E-01  5.026672505083774E-02  3.109454654315436E-02     18.2 V  0.71   1.278822513942593E+01  7.070475579679452E+01  1.819822366841516E-01  2.911860178146505E-03
  A   C    H21 2456236.876891  101.370682   58.090630  2.148282756424379E-01 -4.847416087954820E-02  1.627691878318827E-01 -1.483479820591735E-01  4.821100333251800E-01  1.138474376157214E+00  1.112592965575916E+00  3.867341904260765E-02  2.934680048810583E-01  1.669211543553479E-01  5.026672186625192E-02  3.109453318342816E-02     18.0 V  0.51   1.427695052728227E+01  7.053723313822903E+01  2.179525315379471E-01 -3.158522256693844E-02
  A   C    H21 2456236.873869  101.330432   58.078491  1.644693563230848E-01 -1.365727368813651E-01  7.527974716433121E-02 -2.000880838417690E-01  2.231201958173457E-01  1.138390218095536E+00  1.112611475730562E+00  3.866113057273420E-02  2.931413545443043E-01  1.670444881335676E-01  5.026671847399986E-02  3.109451895251667E-02     18.0 V  0.51   1.582639381008572E+01  7.033780536633181E+01  2.050905263312841E-01  6.033371891275609E-02
  A   C    H21 2456236.870850  101.290349   58.066380  2.445959143860614E-01 -1.359506395453323E-01  1.450155411926549E-01 -2.393328864567921E-01  4.300901099870532E-01  1.138306897277616E+00  1.112629818780206E+00  3.864886153103485E-02  2.928176187387094E-01  1.671666207497435E-01  5.026671508511563E-02  3.109450473573371E-02     18.1 V  0.61   1.733396604376383E+01  7.011754370600552E+01  2.793334494397628E-01  1.680957320160499E-02
  A   C    J95 2456234.449260   81.657860   49.157320  5.936764587445075E-02 -2.343445574365445E-01 -1.263092933835877E-01 -2.061258144477369E-01 -6.977064081686796E-01  1.107238971151244E+00  1.107608231630116E+00  1.335772157192356E-02  1.264037634679249E-01  1.295984836237779E-01 -1.608275330119464E-01 -5.097087938772559E-02     17.5 R -0.01   6.965059661730511E+01  5.328274087261708E+01  1.829009377984855E-01 -1.580795240677220E-01
  A   C    J95 2456234.443430   81.630818   49.139181 -2.076947583150835E-02 -2.751387869292204E-01 -2.114871167663007E-01 -1.772171623773376E-01 -1.169199265632253E+00  1.107225092695675E+00  1.107597107122581E+00  1.333537650910778E-02  1.262821381188893E-01  1.295033753198921E-01 -1.608273057177620E-01 -5.097081601989320E-02     17.4 R -0.11   6.865574435072372E+01  5.206526026545426E+01  2.538283406408612E-01 -1.081845492053887E-01
  A   C    J95 2456234.438080   81.606068   49.122597 -1.440599430325609E-02 -1.316611400481887E-01 -1.043280675726439E-01 -8.159560519545185E-02 -5.772223684206670E-01  1.107212624696786E+00  1.107586640961425E+00  1.331489098728700E-02  1.261727748102805E-01  1.294138325357605E-01 -1.608270971373503E-01 -5.097075786931360E-02     17.4 R -0.11   6.774232040568909E+01  5.095500315165825E+01  1.229029728859404E-01 -4.936646358076048E-02
  A   C    J95 2456234.431920   81.577402   49.103431 -4.927098297396810E-01 -2.799259661500897E-01 -5.443710758220893E-01  1.574219001774140E-01 -3.014595071690845E+00  1.107198425942106E+00  1.107574239626372E+00  1.329114165082827E-02  1.260481160973159E-01  1.293076542473070E-01 -1.608268569774505E-01 -5.097069091462086E-02     17.5 R -0.01   6.668951899976899E+01  4.968538538727607E+01  4.835837197218247E-01  2.954121000677036E-01
  A   C    J95 2456234.425570   81.548235   49.083764 -1.755123401402952E-01 -1.646778744025052E-01 -2.404328248237123E-01  1.074432904094125E-02 -1.332696457585178E+00  1.107184278015165E+00  1.107561051016117E+00  1.326675396064382E-02  1.259237825219219E-01  1.291946409437772E-01 -1.608266094100379E-01 -5.097062189477178E-02     17.6 R  0.09   6.560162843494209E+01  4.838659329382160E+01  2.302087935166079E-01  7.019469529143682E-02
  A   C    H21 2456233.865773   79.164971   47.471535 -1.301083182502188E-01 -3.681090723032758E-01 -3.596209054393305E-01 -1.520041708667056E-01 -2.324817878589920E+00  1.104930389128012E+00  1.105919318362069E+00  9.749965874386620E-03  1.042639292752029E-01  1.142687221235538E-01 -3.176302769227315E-02 -2.740489853328097E-02     17.9 V -0.13   3.322718982176971E+02  8.078140171106382E+01 -3.062748619996313E-01  2.421325515032265E-01
  A   C    H21 2456233.863948   79.158138   47.466619 -3.363782537799476E-01 -5.056315507454293E-02 -2.640268780787196E-01  2.144685755982540E-01 -1.707330012366401E+00  1.104924894803931E+00  1.105918565663007E+00  9.743953446704810E-03  1.042056878101973E-01  1.142614374696872E-01 -3.176302194620990E-02 -2.740489253738852E-02     18.6 V  0.57   3.346510122640003E+02  8.101051376255326E+01 -3.179309954393389E-01 -1.209414916649230E-01
  A   C    H21 2456233.862071   79.151263   47.461341 -1.871878338388257E-01 -5.209283972935922E-01 -5.110865270174809E-01 -2.125940783402780E-01 -3.305924445626002E+00  1.104919365515883E+00  1.105917660886698E+00  9.737780091970571E-03  1.041470431366882E-01  1.142526803326706E-01 -3.176301603642193E-02 -2.740488637065286E-02     18.0 V -0.03   3.372338112085937E+02  8.122627002862218E+01 -3.988156964779882E-01  3.838641953710244E-01
  A   C    H21 2456233.860106   79.144055   47.455980 -6.973120305737192E-02 -4.239584315367441E-01 -3.603553010283781E-01 -2.339813013291266E-01 -2.331642167607938E+00  1.104913628866947E+00  1.105916801115771E+00  9.731437134177024E-03  1.040861645448429E-01  1.142443582146239E-01 -3.176300984956427E-02 -2.740487991480101E-02     18.4 V  0.37   3.400821255086084E+02  8.142843831264442E+01 -2.298166642524126E-01  3.630254718100767E-01
  A   C    H21 2456233.858024   79.136430   47.450285  7.201977805707455E-02 -3.736087887900229E-01 -2.277514845405918E-01 -3.047944172423353E-01 -1.474115181906304E+00  1.104907619658932E+00  1.105915883533284E+00  9.724776194194529E-03  1.040223556315677E-01  1.142354758469355E-01 -3.176300329432821E-02 -2.740487307455427E-02     18.9 V  0.87   3.432521266154452E+02  8.161443812896356E+01 -5.559273441844814E-02  3.764038036107243E-01
  A   C    G48 2456233.645760   78.376951   46.869571  3.266894187716827E-01  3.292251641785981E-01  4.632969558713148E-01 -2.170520090157368E-02  3.047469131660018E+00  1.005180041172486E+00  1.006342688175451E+00  1.136542405566030E-02  1.019152947788652E-01  1.128069952730544E-01 -8.365000230895943E-02 -5.534241292552235E-02     17.8 V -0.27   4.684710979728700E+01  2.070592461126427E+01 -4.363854328533101E-01 -1.571080489977971E-01
  A   C    G48 2456233.644700   78.372992   46.866599 -8.935542880441651E-02 -4.054565207619090E-02 -8.999092653604165E-02  3.911490381286174E-02 -5.920210054695162E-01  1.005179636795758E+00  1.006339997555859E+00  1.136259580436608E-02  1.019113066045133E-01  1.127829901435219E-01 -8.364998701477518E-02 -5.534240674400161E-02     18.0 V -0.07   4.673224805850066E+01  2.047046700136674E+01  7.474866029141652E-02  6.356870569539912E-02
  A   C    G48 2456233.643650   78.369117   46.863765 -3.890944655148814E-01 -9.919348472827223E-03 -2.682487706894135E-01  2.820203779730378E-01 -1.764952198242096E+00  1.005179257436134E+00  1.006337373158592E+00  1.135985321619368E-02  1.019075650333906E-01  1.127595709769817E-01 -8.364997186487677E-02 -5.534240062079753E-02     18.2 V  0.13   4.661749656309843E+01  2.023767594239271E+01  1.761505693189444E-01  3.470790594330226E-01
  A   C    J95 2456233.404560   77.542055   46.247053 -2.994745928929811E-01 -5.953464197530505E-01 -6.446073863378721E-01 -1.691263101349090E-01 -4.516119346129903E+00  1.004446026414419E+00  1.005714551132333E+00  1.000460135303413E-02  9.440149473370120E-02  1.070587716516056E-01 -3.225173349534690E-02  7.707790828014092E-03     18.0 R  0.28   6.671657867208538E+01  4.428523738045180E+01  6.609537454835241E-01 -8.522052354089510E-02
  A   C    J95 2456233.396360   77.515346   46.226053 -1.492304229116571E-04 -3.938939294943840E-01 -2.954661768664539E-01 -2.604845260090650E-01 -2.072120631141272E+00  1.004439963765895E+00  1.005700236499442E+00  9.985399708833186E-03  9.433696715407987E-02  1.069242173543059E-01 -3.225166659322431E-02  7.707768602141079E-03     17.7 R -0.02   6.515098538561860E+01  4.260514498052757E+01  3.223777436962040E-01 -2.263294950556340E-01
  A   C    J95 2456233.384540   77.476638   46.195803 -2.140912512915296E-01 -2.008450384991087E-01 -2.922602838724583E-01  2.752671139223539E-02 -2.052686262812408E+00  1.004431465807404E+00  1.005678718206786E+00  9.957214903432654E-03  9.424644579599969E-02  1.067216346164732E-01 -3.225157015626164E-02  7.707736564358076E-03     18.1 R  0.38   6.289271879561706E+01  4.022016267287291E+01  2.889360049320369E-01  5.186307379334715E-02
  A   C    J95 2456233.373770   77.441430   46.168220 -3.808036182062402E-01 -2.836809006746445E-01 -4.647511895225889E-01  9.742987675184753E-02 -3.268721076967431E+00  1.004424010601352E+00  1.005658141458903E+00  9.931002092333073E-03  9.416696102651495E-02  1.065275596220918E-01 -3.225148228603478E-02  7.707707372571206E-03     18.0 R  0.27   6.082799288354212E+01  3.808755685304858E+01  4.582718729402603E-01  1.243910749145536E-01
  A   C    H21 2456232.894190   75.960258   45.026422 -1.093771423932683E-01 -4.745119158294448E-01 -4.328881760559127E-01 -2.230083957460627E-01 -3.480297754456125E+00  1.003222426728568E+00  1.004497928861721E+00  7.570242156102486E-03  8.034350506670922E-02  9.495225327886192E-02 -2.053560798293759E-02 -1.972763329489328E-02     18.5 V  0.28   2.979436909056285E+02  7.504965594135837E+01 -4.866181217111983E-01  1.810307059662386E-02
  A   C    H21 2456232.891505   75.952925   45.020311 -1.560580351639780E-01 -4.486512879864601E-01 -4.433662021661509E-01 -1.704948659869698E-01 -3.566054100107970E+00  1.003216719341128E+00  1.004497082715587E+00  7.562860669652527E-03  8.027220797705024E-02  9.494330198628642E-02 -2.053559622113164E-02 -1.972762829612578E-02     18.4 V  0.18   2.986579124804611E+02  7.570503402452965E+01 -4.744917780216202E-01 -2.235265400735392E-02
  A   C    H21 2456232.888356   75.944341   45.013117 -1.902422181871289E-01 -5.190912911671727E-01 -5.193135932301445E-01 -1.896345486264506E-01 -4.178962762005800E+00  1.003210133122483E+00  1.004496100206480E+00  7.554331503760896E-03  8.018985419735206E-02  9.493290707962154E-02 -2.053558242674405E-02 -1.972762243351107E-02     18.4 V  0.18   2.996237096235242E+02  7.646777133574003E+01 -5.525473782181729E-01 -1.841914686811923E-02
  A   C    H21 2456232.884457   75.933758   45.004228 -1.543303866224859E-01 -5.415236967951144E-01 -5.134040442863351E-01 -2.312619072310176E-01 -4.133871172151000E+00  1.003202145697137E+00  1.004494919974799E+00  7.543988550644242E-03  8.008986691389648E-02  9.492041880502926E-02 -2.053556534693492E-02 -1.972761517459223E-02     18.4 V  0.17   3.010449396276255E+02  7.740144408444310E+01 -5.612056043853164E-01  4.597882156853846E-02
  A   C    J95 2456231.443460   72.577237   42.086819 -3.621777164725308E-01 -5.001716286082457E-01 -6.171458339875802E-01 -2.180311825533254E-02 -6.464682448891599E+00  1.001720496726495E+00  1.002830842238468E+00  4.398680729879333E-03  5.868420454769210E-02  7.529661643218326E-02 -7.676898866779952E-02  5.167358276242941E-02     17.9 R -0.21   8.208743626132683E+01  5.217230568056876E+01  6.170496652138706E-01  2.437349037954384E-02
  A   C    J95 2456231.440740   72.572070   42.081930 -3.897336983740996E-01 -4.084271441275111E-01 -5.617293029844497E-01  5.626080231486835E-02 -5.885188831440409E+00  1.001720447201690E+00  1.002829344967233E+00  4.397459145376773E-03  5.868335970181182E-02  7.527667295614879E-02 -7.676895165643598E-02  5.167355915558228E-02                    8.144090714127476E+01  5.156752176574339E+01  5.561917041172515E-01  9.672577722685591E-02
  d   C    H45 2456230.799680   71.412811   41.008216 -3.934662022973642E-01 -1.490955899255674E+00 -1.430860087603823E+00 -5.748082772351019E-01 -1.710654038800030E+01  1.600779608442890E+00  1.601406000495473E+00  1.307320819434604E-03  4.995248350137151E-02  6.709004564233881E-02 -5.311524228001647E-02  2.162508322269050E-02     18.8 R  0.56   6.166319372687320E+01  7.492819660521138E+01  1.304076577383006E+00  8.228908956815657E-01
  d   C    H45 2456230.798730   71.411311   41.006688 -3.732710574021277E-01 -1.484593606873983E+00 -1.413719561250055E+00 -5.871511406819858E-01 -1.690206017442935E+01  1.600779484923023E+00  1.601406009692161E+00  1.307221598982498E-03  4.994852520484912E-02  6.709026529899474E-02 -5.311523840458764E-02  2.162508025759736E-02     18.7 R  0.46   6.195808469204155E+01  7.468249339793593E+01  1.311136908912780E+00  7.901072496580294E-01
  d   C    H45 2456230.797100   71.408728   41.004272 -3.658001628910670E-01 -7.367968395387124E-01 -8.094506408256423E-01 -1.465230425302569E-01 -9.677931465944708E+00  1.600779278985142E+00  1.601406056652987E+00  1.307070836351428E-03  4.994192506663035E-02  6.709138645194042E-02 -5.311523175517005E-02  2.162507517012359E-02     18.6 R  0.36   6.243408050687550E+01  7.425931764783910E+01  6.062904813848051E-01  5.559597054719333E-01
  d   C    H45 2456230.794440   71.404686   40.999800  1.168227329087355E-01 -1.418837346184467E+00 -1.068455479723447E+00 -9.408240290835397E-01 -1.277556132960933E+01  1.600778982090612E+00  1.601406037695271E+00  1.306813218416567E-03  4.993240836903723E-02  6.709093433053095E-02 -5.311522090397122E-02  2.162506686786425E-02     18.7 R  0.46   6.313969379460861E+01  7.356493142258657E+01  1.401556544585000E+00  2.497723327142861E-01
  d   C    H45 2456230.793610   71.403270   40.998438 -1.558104813741576E-01 -1.507954779088278E+00 -1.302745617535746E+00 -7.752795482099545E-01 -1.557734728563603E+01  1.600778876442876E+00  1.601406039495969E+00  1.306725501737705E-03  4.992902146242280E-02  6.709097743098336E-02 -5.311521751807195E-02  2.162506427731049E-02     18.6 R  0.36   6.334246775978038E+01  7.334748092502977E+01  1.421633841139956E+00  5.264615309902648E-01
  d   C    H45 2456230.792740   71.401728   40.997161 -5.960314787946255E-01 -1.065216965842754E+00 -1.210394641952359E+00 -1.577514461625364E-01 -1.447336941221705E+01  1.600778761660303E+00  1.601406065998858E+00  1.306641584116191E-03  4.992534144042107E-02  6.709161015498082E-02 -5.311521396899552E-02  2.162506156190978E-02     18.6 R  0.36   6.354628045900993E+01  7.311913922608053E+01  8.890726868923300E-01  8.363554659699678E-01
  d   C    H45 2456230.791710   71.400353   40.995550  1.055984759514915E-01 -8.950738622295238E-01 -6.550499457486132E-01 -6.190458993842808E-01 -7.832939249916990E+00  1.600778680698848E+00  1.601406069598232E+00  1.306575386935710E-03  4.992274566812616E-02  6.709169621613584E-02 -5.311520976721619E-02  2.162505834712566E-02     18.6 R  0.36   6.377776726674173E+01  7.284797352678746E+01  8.948886808491225E-01  1.071564550586821E-01
  d   C    H45 2456230.790060   71.397686   40.992855 -3.202677784865911E-02 -1.031246755167676E+00 -8.464859271151709E-01 -5.898789365108716E-01 -1.012250362093383E+01  1.600778505075509E+00  1.601406065593431E+00  1.306426292566146E-03  4.991711428633019E-02  6.709160086272506E-02 -5.311520303621002E-02  2.162505319722842E-02     18.6 R  0.36   6.412631206376854E+01  7.241283380621431E+01  9.983655169956448E-01  2.603111196641879E-01
  d   C    H45 2456230.789270   71.396353   40.991744 -2.520001294730077E-01 -4.522024777404088E-01 -5.132282672947890E-01 -6.773397802112435E-02 -6.137404458427224E+00  1.600778417683736E+00  1.601406092835779E+00  1.306365658892157E-03  4.991431181690287E-02  6.709225121925332E-02 -5.311519981348600E-02  2.162505073152015E-02     18.5 R  0.26   6.428331362239381E+01  7.220404006983543E+01  3.869460554037202E-01  3.438951821942210E-01
  d   C    H45 2456230.786750   71.392395   40.987411 -1.540943711713134E-01 -1.445648509164622E+00 -1.251894236747095E+00 -7.391924697100101E-01 -1.497166294732510E+01  1.600778186469380E+00  1.601406040155772E+00  1.306147345156769E-03  4.990689658588680E-02  6.709099416485254E-02 -5.311518953340340E-02  2.162504286622221E-02     18.6 R  0.36   6.474937447355398E+01  7.153615507238464E+01  1.386197601713936E+00  4.382931624899474E-01
  d   C    H45 2456229.766520   69.860885   39.487284 -5.813387796260480E-01 -8.350909637457503E-01 -1.017381696119748E+00 -1.631498781531743E-02 -1.440116286651083E+01  1.600532625317608E+00  1.601026645009986E+00  9.236277214952402E-04  4.128677737488620E-02  5.732566015197710E-02 -2.703495426374607E-02 -2.418488207050468E-02     18.8 R  0.37   7.053599890663072E+01  6.657951158924702E+01  8.176744286037945E-01  6.055908051126795E-01
  d   C    H45 2456229.765010   69.859176   39.485284  5.186385748513806E-02 -5.569457235482748E-01 -4.216173363878413E-01 -3.675829434959842E-01 -5.967895228225141E+00  1.600532680260385E+00  1.601026668397320E+00  9.236858573355074E-04  4.128890751659123E-02  5.732631352044085E-02 -2.703494748373308E-02 -2.418487814305815E-02     18.7 R  0.27   7.056662972721686E+01  6.616046575164603E+01  5.579842070139222E-01 -3.914107069762026E-02
  d   C    H45 2456229.763950   69.857593   39.483673 -5.708351920634297E-01 -1.107351714113624E+00 -1.232165263653509E+00 -1.839820597073305E-01 -1.744099787645116E+01  1.600532688301624E+00  1.601026662946925E+00  9.236903830037293E-04  4.128921941904223E-02  5.732616143766130E-02 -2.703494272425262E-02 -2.418487538604204E-02     18.7 R  0.27   7.058433239713442E+01  6.586655083247567E+01  1.096715791323342E+00  5.910119358443914E-01
  d   C    H45 2456229.762560   69.856010   39.481923 -1.776578864710509E-02 -5.234127428194351E-01 -4.350943762702629E-01 -2.914951223091196E-01 -6.158482873301903E+00  1.600532745978051E+00  1.601026692132335E+00  9.237534911032614E-04  4.129145537453967E-02  5.732697671353008E-02 -2.703493648304859E-02 -2.418487177071045E-02     18.8 R  0.37   7.060153763061638E+01  6.548069536785800E+01  5.231502515422236E-01  2.429684967731238E-02
  d   C    H45 2456229.761390   69.854551   39.480062  9.884240919179943E-02 -1.428990489395042E+00 -1.101730244437678E+00 -9.154092577244417E-01 -1.559420746653133E+01  1.600532786941881E+00  1.601026667192781E+00  9.237777866929617E-04  4.129304338834016E-02  5.732628034983874E-02 -2.703493122966027E-02 -2.418486872758917E-02     18.8 R  0.37   7.061259933212116E+01  6.515597562499089E+01  1.429703253468251E+00 -8.793320001118021E-02
  d   C    H45 2456229.760160   69.852676   39.478451 -7.284888039130991E-01 -1.137396759565631E+00 -1.348680506724445E+00 -7.367643367203836E-02 -1.908937824666611E+01  1.600532803391347E+00  1.601026689021926E+00  9.238018599120620E-04  4.129368119210670E-02  5.732689015760707E-02 -2.703492570686747E-02 -2.418486552841043E-02     18.7 R  0.26   7.061928188573039E+01  6.481483741374313E+01  1.135485838904008E+00  7.314637624321086E-01
  d   C    H45 2456229.759390   69.851718   39.477673 -6.477171037777585E-01 -1.239512010362632E-01 -4.791523684555950E-01  4.531162704736759E-01 -6.781825904132005E+00  1.600532834325655E+00  1.601026727764044E+00  9.238460838261188E-04  4.129488031954778E-02  5.732797223811167E-02 -2.703492224950829E-02 -2.418486352567189E-02     18.5 R  0.06   7.062085444606058E+01  6.460110358818488E+01  1.242635952225538E-01  6.476572439707555E-01
  d   C    H45 2456229.758340   69.850676   39.476062  1.992834642922956E-01 -7.237901388295630E-01 -4.707916881275063E-01 -5.847574288517501E-01 -6.663395829304611E+00  1.600532901917696E+00  1.601026704491003E+00  9.238941973593683E-04  4.129750020030568E-02  5.732732241292247E-02 -2.703491753493101E-02 -2.418486079466677E-02     18.7 R  0.26   7.062178362201141E+01  6.430943597710203E+01  7.228468589802977E-01 -2.026782738022358E-01
  d   C    H45 2456229.757600   69.849801   39.475118  4.048168189680982E-01 -4.589108986034752E-01 -1.357275214229309E-01 -5.967025303322310E-01 -1.921004108424288E+00  1.600532938692938E+00  1.601026714031754E+00  9.239303545382472E-04  4.129892557646770E-02  5.732758896059391E-02 -2.703491421227512E-02 -2.418485886995757E-02     18.6 R  0.16   7.062030776191881E+01  6.410398612044861E+01  4.558104473930094E-01 -4.083046727925997E-01
  d   C    H45 2456229.756020   69.847510   39.472729 -3.328542259547037E-01 -1.233894245164028E+00 -1.195704878477759E+00 -4.511948443514162E-01 -1.692315021657168E+01  1.600532984188792E+00  1.601026691273645E+00  9.239595518452861E-04  4.130068900755061E-02  5.732695358078071E-02 -2.703490711795656E-02 -2.418485476044379E-02     18.6 R  0.16   7.061349609568656E+01  6.366564664085885E+01  1.238378037368448E+00  3.157638050056207E-01
  A   C    H21 2456227.847148   67.658948   37.216765 -1.992338132047406E-01 -3.492586789735120E-01 -4.003191408570597E-01 -3.768716792078888E-02 -7.642923886737289E+00  1.000453024368260E+00  1.000918229476970E+00  1.288537670397769E-03  3.010299277027634E-02  4.286301792270286E-02  2.877024932811425E-02  4.623256231778181E-02     19.7 V  0.52   2.429882620993502E+02  8.532966094217970E+01 -2.007624215350396E-01 -3.483822430349337E-01
  A   C    H21 2456227.843451   67.655573   37.212876 -2.774355835746654E-01 -6.588603883311019E-01 -6.986849055726720E-01 -1.513503124216529E-01 -1.334049656302137E+01  1.000452433436574E+00  1.000918583728537E+00  1.287945589775341E-03  3.008334772899224E-02  4.287128986350541E-02  2.877022503571096E-02  4.623251950242253E-02     19.7 V  0.52   2.349309713846127E+02  8.620953299364000E+01 -3.530149887992574E-01 -6.216493642144152E-01
  A   C    H21 2456227.839978   67.652490   37.209376 -1.069247604334583E-01 -3.954711970179134E-01 -3.851898352185176E-01 -1.394961035615867E-01 -7.355142473564708E+00  1.000451917874136E+00  1.000918937253801E+00  1.287459375198948E-03  3.006619784064102E-02  4.287954323257599E-02  2.877020221517835E-02  4.623247928123521E-02     19.5 V  0.32   2.235460340016999E+02  8.694138479127227E+01 -1.839987651051395E-01 -3.660257183654498E-01
  A   C    G96 2456226.970790   66.859317   36.363493 -3.075812293898368E-01 -3.403592440312883E-01 -4.554242715314533E-01  5.513039606749237E-02 -9.849003407822126E+00  5.007100815328426E-01  5.014256912124274E-01  4.011545583039898E-03  2.665576113549610E-02  3.778448968753560E-02  4.666178744091189E-02 -7.398921495249199E-02     18.9 V -0.43   2.876099769388538E+02  6.757085277319207E+01 -3.516387316434942E-01 -2.946198059859544E-01
  A   C    G96 2456226.965740   66.855413   36.358912 -2.503054640259040E-02 -3.441158817199749E-01 -2.957922183692368E-01 -1.776210343887619E-01 -6.399104509492632E+00  5.007075733122300E-01  5.014266612218893E-01  4.005825264098446E-03  2.660860509831236E-02  3.779736071721333E-02  1.074130162896467E-02 -8.447562108105529E-02     18.8 V -0.53   2.877949290148806E+02  6.903361193490245E+01 -3.449944252947497E-01 -4.595086611077378E-03
  A   C    G96 2456226.960760   66.851538   36.354440  1.611147607410598E-01 -1.812490377935555E-01 -5.568798481370044E-02 -2.360254820504086E-01 -1.205125861937485E+00  5.007052053566891E-01  5.014276677456574E-01  4.000535041278582E-03  2.656400955666296E-02  3.781071162107114E-02  1.074128594929436E-02 -8.447554186463316E-02     19.0 V -0.33   2.880839529824135E+02  7.047426976717240E+01 -1.673384195939726E-01  1.755193241717103E-01
  A   C    H36 2456226.960260   66.849390   36.351945  4.007089863765337E-01 -1.546412222278958E+00 -1.022517319307287E+00 -1.227361717136922E+00 -2.210520253653863E+01  1.100330763189973E+00  1.100641640613055E+00  8.370060806025359E-04  2.697651497384855E-02  3.757612259537545E-02 -4.342691826492769E-02 -4.417677737110770E-04     19.4 R  0.47   2.775080554261824E+02  5.989363384307340E+01 -1.596630814177857E+00 -5.223500934548736E-02
  A   C    G96 2456226.955850   66.847621   36.349996  4.684083686679354E-02 -1.413007314348998E-01 -8.880186273682145E-02 -1.194746411456840E-01 -1.922281748346599E+00  5.007029635514975E-01  5.014286901017870E-01  3.995608132792061E-03  2.652172091889903E-02  3.782426771851360E-02  1.074127049001979E-02 -8.447546376168860E-02     18.9 V -0.43   2.884960971566535E+02  7.189188617586842E+01 -1.354459946933584E-01  6.176036936432126E-02
  A   C    H36 2456226.955230   66.845432   36.347528  6.162952849776526E-01 -1.117482135790143E+00 -5.495755867184751E-01 -1.151760772286862E+00 -1.188788549195854E+01  1.100329402399714E+00  1.100641867541492E+00  8.354307929167935E-04  2.692095397439795E-02  3.758276949352318E-02 -4.342685656910122E-02 -4.418081238840507E-04     18.9 R -0.03   2.766734128254454E+02  6.129363111461018E+01 -1.244331350435256E+00  2.832414030878353E-01
  A   C    H36 2456226.940170   66.833348   36.334083  4.454422672136693E-01 -6.096141627283356E-01 -2.383872829330208E-01 -7.163935679186655E-01 -5.164630731256569E+00  1.100325573162412E+00  1.100642664388612E+00  8.310775943057026E-04  2.676398795721515E-02  3.760610015207281E-02 -4.342667184959176E-02 -4.419289337440416E-04     18.8 R -0.13   2.740318464350233E+02  6.549860760934141E+01 -7.050727786962065E-01  2.700381779721094E-01
  A   C    H36 2456226.934700   66.828932   36.329306  2.520931606938847E-01 -3.770312410768516E-02  1.152126338796008E-01 -2.273731211701096E-01  2.497288422198698E+00  1.100324279358497E+00  1.100643011512834E+00  8.296490519483586E-04  2.671074474798883E-02  3.761625886816698E-02 -4.342660475691839E-02 -4.419728135513154E-04     18.7 R -0.23   2.730000202479824E+02  6.702992652928228E+01 -1.015648672175601E-01  2.337885048142235E-01
  A   C    H36 2456226.929990   66.825015   36.324806 -2.644038873088251E-01 -9.312374224625177E-01 -9.126533111441193E-01 -3.227638242993269E-01 -1.979036843694972E+01  1.100323200772001E+00  1.100643291042553E+00  8.284485488444313E-04  2.666627708071889E-02  3.762443744676652E-02 -4.342654698607615E-02 -4.420105967144622E-04     19.3 R  0.37   2.720681060036615E+02  6.834951026575885E+01 -8.325247076484732E-01 -4.939789102533358E-01
  A   C    704 2456226.902410   66.805137   36.301062  3.140158178654281E-01 -3.813197823924586E-01 -1.347886335371302E-01 -4.752291390294989E-01 -2.924104040561362E+00  1.100312886186544E+00  1.100652750694148E+00  8.210930530549487E-04  2.623722355905603E-02  3.790015834425205E-02 -3.456198331980589E-02  2.755602874056175E-01     19.8   -0.34   2.975610987550039E+02  8.422565076730064E+01 -2.220082843099218E-01  4.412743273881567E-01
  A   C    704 2456226.888310   66.793512   36.288257 -1.543837553122958E+00 -2.914609392008049E-01 -1.116561305010493E+00  1.105293952605262E+00 -2.422161828202927E+01  1.100311427502705E+00  1.100654293143663E+00  8.201440574645765E-04  2.617598126812337E-02  3.794492743286258E-02 -3.456194548818228E-02  2.755602194631115E-01     19.6   -0.54   3.376362235521021E+02  8.729251617926390E+01 -1.533920451694390E+00 -3.398115910206598E-01
  A   C    704 2456226.874290   66.782887   36.275590 -7.477481847317313E-01  9.019643799037458E-02 -3.494931374769171E-01  6.671711115240915E-01 -7.579431037318602E+00  1.100310437339616E+00  1.100655828203284E+00  8.197989371176011E-04  2.613432858041369E-02  3.798942971022807E-02 -3.456190787120780E-02  2.755601519060977E-01     20.3    0.16   5.010542270524810E+01  8.603731205365762E+01 -5.296665721941030E-01  5.354587449064200E-01
  A   C    704 2456226.860250   66.771804   36.262535 -1.283201829194079E+00 -8.092512858017081E-01 -1.393408345076149E+00  5.999231299849133E-01 -3.020542613324909E+01  1.100309811502277E+00  1.100657305443590E+00  8.198935988553488E-04  2.610796831454569E-02  3.803220671591409E-02 -3.456187020056979E-02  2.755600842527087E-01     20.1   -0.04   6.861806669474716E+01  8.236482236332991E+01  4.143649564041998E-01  1.459382150406611E+00
  A   C    704 2456226.845900   66.760845   36.249562 -7.845207541218591E-01 -3.373322363469820E-01 -7.217970612367859E-01  4.563713988811373E-01 -1.563637420044665E+01  1.100309597958054E+00  1.100658791195303E+00  8.205361736749255E-04  2.609896916803508E-02  3.807518179239813E-02 -3.456183169817386E-02  2.755600151055504E-01     19.7   -0.45   7.391719263421707E+01  7.829034162494690E+01  2.234402343175405E-01  8.242210340761474E-01
  A   C    926 2456226.841660   66.758554   36.245896 -1.957573965706138E-01 -6.131768344704287E-01 -6.167045730926937E-01 -1.843427735763963E-01 -1.333353865454764E+01  1.400243218283432E+00  1.400520724415283E+00  5.081600812967045E-04  2.609626822106850E-02  3.818696614072805E-02 -3.456182032185563E-02  2.755599946746121E-01                    6.825996785386950E+01  7.294764080936837E+01  5.659877749805371E-01  3.065365022585063E-01
  A   C    926 2456226.840670   66.757845   36.245146 -2.371669038187451E-02 -4.729419427783108E-02 -5.242878451694652E-02 -7.102448108540972E-03 -1.133456515042552E+00  1.400243246587526E+00  1.400520812824728E+00  5.082327638269635E-04  2.609778703258673E-02  3.819020855215984E-02 -3.456181766559251E-02  2.755599899041805E-01                    6.843904970237416E+01  7.266500774352927E+01  4.226261479040651E-02  3.182913140729617E-02
  A   C    926 2456226.839710   66.757220   36.244229  3.228340354237936E-01 -1.801499512216106E-01  3.340740705018075E-02 -3.681844164373928E-01  7.221857903206776E-01  1.400243278629776E+00  1.400520882463322E+00  5.083001965760758E-04  2.609950630472111E-02  3.819276236837291E-02 -3.456181508982282E-02  2.755599852783084E-01                    6.860473640163141E+01  7.239059290719960E+01  2.334188053160771E-01 -2.866905660783376E-01
  A   C    926 2456226.838730   66.756345   36.243312 -1.134681956250019E-02 -2.467937484786108E-01 -2.101646748333407E-01 -1.298719140326497E-01 -4.542957340452212E+00  1.400243300558122E+00  1.400520956345239E+00  5.083591345996904E-04  2.610068288393249E-02  3.819547160707822E-02 -3.456181246039084E-02  2.755599805560634E-01                    6.876533615437128E+01  7.211032746780536E+01  2.414201958652201E-01  5.246135368838566E-02
  A   C    926 2456226.832360   66.751345   36.237562 -1.845949849525578E-01  7.557197157682562E-02 -4.175061269596041E-02  1.950469627991051E-01 -9.020800720345792E-01  1.400243513408240E+00  1.400521435931337E+00  5.088153618999743E-04  2.611210026885097E-02  3.821305329035474E-02 -3.456179536908298E-02  2.755599498614705E-01                    6.962697957920356E+01  7.028134468049551E+01 -9.888182428422067E-02  1.732305290180357E-01
  A   C    926 2456226.831380   66.750804   36.236507  4.500331633708637E-01 -4.893813098126819E-01 -1.501378541598559E-01 -6.476747171812687E-01 -3.243711917039473E+00  1.400243563217330E+00  1.400521492363955E+00  5.088949125798100E-04  2.611477125634693E-02  3.821512160870552E-02 -3.456179273965100E-02  2.755599451392254E-01                    6.973535264106201E+01  6.999893110199962E+01  5.415460907909286E-01 -3.856834791349928E-01
  A   C    926 2456226.830390   66.749804   36.235618 -2.235212649707152E-01 -4.211022574848887E-01 -4.737886649227552E-01 -5.303930753404865E-02 -1.023546703856331E+01  1.400243591624152E+00  1.400521566371022E+00  5.089606784995168E-04  2.611629449979052E-02  3.821783385064227E-02 -3.456179008338788E-02  2.755599403687938E-01                    6.983824147730148E+01  6.971377662597148E+01  3.915030891082297E-01  2.720555060500748E-01
  A   C    926 2456226.829430   66.749095   36.234729 -1.175851162716249E-01 -4.516508855919994E-01 -4.392396957781136E-01 -1.577443237565114E-01 -9.488411019439335E+00  1.400243634016533E+00  1.400521633513551E+00  5.090377046305504E-04  2.611856744104439E-02  3.822029435800082E-02 -3.456178750761819E-02  2.755599357429218E-01                    6.993269194406427E+01  6.943687757119065E+01  4.353104710271534E-01  1.682842114973607E-01
  A   C    291 2456226.748230   66.685683   36.159934 -2.825106965502707E-01 -6.539584950954588E-01 -6.984336358500192E-01 -1.402300370325812E-01 -1.497417273565386E+01  1.000352791800345E+00  1.000734694338027E+00  1.017334356006592E-03  2.656414219815217E-02  3.833893634159149E-02 -1.681770347386761E-01  2.378932154320683E-01     19.4 R  0.44   6.903804700947607E+01  4.554892479921998E+01  6.956337757942577E-01  1.535176111985985E-01
  A   C    291 2456226.745620   66.683725   36.157656  8.515433190851882E-03 -2.099847382059019E-01 -1.677065609723105E-01 -1.266515388326163E-01 -3.594684759558441E+00  1.000353331941828E+00  1.000734689795548E+00  1.018109377471205E-03  2.658447545288714E-02  3.833881803316170E-02 -1.681770279501756E-01  2.378932037844304E-01     19.7 R  0.74   6.883198714831460E+01  4.480411138281277E+01  2.042210076769512E-01 -4.959720662879949E-02
  A   C    291 2456226.743020   66.681600   36.155434 -2.034652078726285E-01  4.007374323594267E-01  2.132335035668410E-01  3.956261536669284E-01  4.569421477379207E+00  1.000353866203231E+00  1.000734681603609E+00  1.018872809314956E-03  2.660457208193570E-02  3.833860446321810E-02 -1.681770211876836E-01  2.378931921814177E-01     19.7 R  0.74   6.862192935142122E+01  4.406332509227601E+01 -3.509836838837908E-01  2.807116566094605E-01
  d   C    850 2456225.739520   65.903329   35.310513 -2.513115669819764E-01 -7.271541249821596E-01 -7.421579202059772E-01 -2.027615512197644E-01 -1.820821542254842E+01  1.000264401964898E+00  1.000566119081771E+00  7.732451432973718E-04  2.299622530915935E-02  3.365280366671861E-02  1.245384026717192E-02 -4.748758235283579E-02     19.6 R  0.47   8.037309626013209E+01  6.416112492954205E+01  7.574332491824372E-01  1.349277518251840E-01
  d   C    850 2456225.717100   65.887287   35.292374 -2.819837433806083E+00 -8.113937629091045E-01 -2.263571846081375E+00  1.867106180486164E+00 -5.541407377154503E+01  1.000266685946866E+00  1.000567457451814E+00  7.774935150637807E-04  2.309536091808798E-02  3.369257473685232E-02  1.245375187620403E-02 -4.748729262690987E-02     18.7 R -0.43   7.797872750413042E+01  5.767564650855284E+01  1.359342082992112E+00  2.600390757752704E+00
  d   C    850 2456225.709620   65.882371   35.286902 -2.352635715522302E+00  1.262032569264447E+00 -2.909724661005975E-01  2.653856823531875E+00 -7.117539209760885E+00  1.000267630192068E+00  1.000567850106405E+00  7.791375468550786E-04  2.313622133485212E-02  3.370423406864336E-02  1.245372238626389E-02 -4.748719596544753E-02     20.0 R  0.87   7.715365970361985E+01  5.552387665786489E+01 -7.267418954025100E-01  2.568942824060795E+00
  d   C    850 2456225.702150   65.877287   35.280652 -2.369134876737740E+00  5.123284619113589E-01 -9.201222781940124E-01  2.242466389989083E+00 -2.249021819601128E+01  1.000268636352236E+00  1.000568113781769E+00  7.807814174592395E-04  2.317968171131064E-02  3.371206150744382E-02  1.245369293574910E-02 -4.748709943321273E-02     20.0 R  0.87   7.631856532852179E+01  5.338195086120554E+01  4.605115202532761E-02  2.423460296445438E+00
  A   C    204 2456225.684810   65.854015   35.265249  1.572520834291638E-01 -6.435239561668181E-01 -4.295053337583260E-01 -5.043574805398989E-01 -1.081171591966031E+01  1.000270654091896E+00  1.000518296341810E+00  7.485842495427489E-04  2.326659233019670E-02  3.219959931345164E-02 -4.535710681938609E-02  4.191414538924812E-03     19.1 R -0.03   2.674678643406712E+02  5.599181787823006E+01 -6.304293333055041E-01 -2.034948540204191E-01
  A   C    204 2456225.675170   65.847390   35.257860 -9.529304797368658E-03 -4.273894118041291E-01 -3.524778894690411E-01 -2.418922371793917E-01 -8.883285211270451E+00  1.000268535991950E+00  1.000518543224974E+00  7.458277693917039E-04  2.317535406195057E-02  3.220727056802689E-02 -4.535709784580641E-02  4.191471811478859E-03                    2.647069728699216E+02  5.840060257520340E+01 -3.576609544813918E-01 -2.341605402539381E-01
  A   C    204 2456225.665530   65.840849   35.250360 -6.983075942968237E-03 -6.040868569703706E-01 -4.950773676283640E-01 -3.462197195079102E-01 -1.249053215651206E+01  1.000266540808163E+00  1.000518850677155E+00  7.432729271323391E-04  2.308908096593527E-02  3.221682107004920E-02 -4.535708887222630E-02  4.191529084035670E-03                    2.617137463070931E+02  6.079803331063800E+01 -5.056650166170720E-01 -3.305640408223635E-01
  A   C    461 2456225.519600   65.742409   35.136939  2.368175071397051E-02 -5.032626551027581E-01 -3.996792510460905E-01 -3.067419463020871E-01 -1.015454363762297E+01  1.000252425912588E+00  1.000522042977357E+00  7.255518820184131E-04  2.246929968949768E-02  3.231582225634053E-02 -2.221990071506440E-01  2.201440316953803E-01     19.1 R -0.06   1.612498807077914E+02  7.667498550439782E+01  1.104785235274152E-01 -4.915573427155305E-01
  A   C    461 2456225.516800   65.740450   35.134800 -3.159346742964251E-01 -3.864467083702574E-01 -4.976393361189721E-01  3.886988525920385E-02 -1.264274223638898E+01  1.000252325607714E+00  1.000522222483590E+00  7.255323871320476E-04  2.246483440727819E-02  3.232137968601798E-02 -2.221989992546815E-01  2.201440190465082E-01     19.2 R  0.04   1.578535029524785E+02  7.643667583767888E+01  4.202826172289088E-01 -2.692922176533703E-01
  A   C    461 2456225.514000   65.738575   35.132578 -4.113161714723587E-01 -5.683178409350466E-01 -7.014156277467181E-01  1.350105153049852E-02 -1.781877843502342E+01  1.000252240949553E+00  1.000522393008685E+00  7.255290571150740E-04  2.246106503904207E-02  3.232665819276494E-02 -2.221989913587204E-01  2.201440063976381E-01     19.3 R  0.14   1.545697332914447E+02  7.616178479878924E+01  5.856003650549046E-01 -3.863138279786758E-01
  A   C    H21 2456224.876395   65.303830   34.658058  5.600958135300065E-01 -7.990380885713375E-01 -3.349594847705968E-01 -9.164994985725812E-01 -9.237852508758015E+00  1.000215133925132E+00  1.000442161651192E+00  6.164943005504478E-04  2.074299040398380E-02  2.974014672696065E-02 -2.366596453528409E-01  1.927097052988111E-01     19.0 V -0.66   2.531284406010228E+02  7.698900909469280E+01 -9.641097792167767E-01  1.505374403295646E-01
  A   C    H21 2456224.873036   65.301663   34.655669  1.506161421355239E-01 -7.685238176224846E-01 -5.444775295144400E-01 -5.629016791400416E-01 -1.501695814662083E+01  1.000214788447725E+00  1.000442436636688E+00  6.161906270064134E-04  2.072632541940113E-02  2.974939595046873E-02 -2.366596369840790E-01  1.927096954586184E-01     19.3 V -0.36   2.510605575873718E+02  7.787692477855579E+01 -7.512974125198142E-01 -2.210571837049458E-01
  A   C    H21 2456224.868943   65.299122   34.652863 -6.327502158065690E-02 -3.484609474793476E-01 -3.221744056441035E-01 -1.470796132103490E-01 -8.886050749913213E+00  1.000214393981233E+00  1.000442783357034E+00  6.158657132035479E-04  2.070728096179016E-02  2.976105389186692E-02 -2.366596267865982E-01  1.927096834681736E-01     19.2 V -0.46   2.481771480169891E+02  7.894286671275037E+01 -2.722477367225676E-01 -2.265169532814684E-01
  A   C    H21 2456224.865517   65.296997   34.650446 -2.401834263781780E-01 -2.396603545474371E-01 -3.338742381077791E-01  6.044135154441013E-02 -9.208915780377247E+00  1.000214082143307E+00  1.000443071392781E+00  6.156177904291578E-04  2.069221335514717E-02  2.977073518707899E-02 -2.366596182509100E-01  1.927096734317049E-01     19.2 V -0.46   2.453767945327348E+02  7.981745416164132E+01 -7.873678535962628E-02 -3.300389105543335E-01
  d   C    954 2456224.572850   65.115482   34.444780  3.420789256883644E+00 -8.131983056337732E-03  1.911909806411772E+00 -2.836629366220671E+00  5.374229797244225E+01  1.000199071510909E+00  1.000433664104446E+00  5.873171562233874E-04  1.995348947974784E-02  2.945293473631836E-02 -6.940261008741476E-02 -7.472556545403092E-03     19.5 V -0.21   6.659032309653891E+01  6.968272550512214E+01  6.909457642110258E-01 -3.350292408153626E+00
  A   C    118 2456223.661140   64.558187   33.836011  5.864951038489847E-01 -7.352841106094463E-02  2.862910368128576E-01 -5.171270407864954E-01  8.941440368531634E+00  1.000178082036190E+00  1.000334473311953E+00  4.878874166630081E-04  1.887217864786223E-02  2.586545645504361E-02 -1.840431126450925E-01 -1.403886258835025E-01                    2.611315272655984E+02  5.541356099936406E+01 -4.179554582363942E-01  4.179667080085722E-01
  A   C    118 2456223.647730   64.550853   33.827817  4.240793451370636E-01  3.949249911999237E-01  5.686865998979357E-01 -1.113758983921825E-01  1.778646791113241E+01  1.000176237400203E+00  1.000334863719760E+00  4.856375062543348E-04  1.877416466066157E-02  2.588055200165168E-02 -1.840425736750555E-01 -1.403882980222971E-01                    2.565493693310915E+02  5.855815443468136E+01  3.999770740466652E-02  5.781083142886433E-01
  A   C    C32 2456223.374350   64.403998   33.657753 -7.666292955096987E-02 -2.605970030497483E-01 -2.576280282527038E-01 -8.611504993014626E-02 -8.088759166310888E+00  1.000165839627422E+00  1.000341339198670E+00  4.756281791535455E-04  1.821184514721378E-02  2.612966620200265E-02 -2.423750329811018E-01  1.902917259825078E-01     19.1 R -0.39   9.675657817134235E+01  5.992673447788311E+01  2.637894283056900E-01 -6.483163024468566E-02
  A   C    C32 2456223.369570   64.401414   33.654753 -3.065114213745853E-01 -2.705992764988858E-01 -3.972968606211345E-01  9.658376890233611E-02 -1.246732904031547E+01  1.000166193543644E+00  1.000341523848168E+00  4.762640809864890E-04  1.823127185166532E-02  2.613673469699680E-02 -2.423750223806909E-01  1.902917083151561E-01     19.1 R -0.39   9.535087691999183E+01  5.868553807446376E+01  3.874825367689712E-01  1.305009715438959E-01
  A   C    C32 2456223.364980   64.399164   33.651864  1.715221968118065E-01 -3.068358955207014E-01 -1.534040075635604E-01 -3.162836404915341E-01 -4.811357284406333E+00  1.000166561160655E+00  1.000341688067551E+00  4.769050425983249E-04  1.825142867256023E-02  2.614301953671784E-02 -2.423750122016354E-01  1.902916913500633E-01     19.2 R -0.29   9.405578352204131E+01  5.749087179685937E+01  1.811984188466709E-01 -3.012229469792411E-01
  A   C    703 2456223.006100   64.193213   33.436998  1.019909381434951E-01  1.180007372614021E+00  1.016323300888459E+00  6.081993907905723E-01  3.411775413959653E+01  1.300117002766233E+00  1.300224293466444E+00  2.491555678136643E-04  1.744095448800442E-02  2.414910623423693E-02 -1.306424114866100E-02 -9.159994788174336E-02                    2.825172256240490E+02  5.795088088636217E+01  1.149511928103615E+00  2.853802341354432E-01
  A   C    703 2456223.005560   64.192754   33.436192 -4.628778629023425E-01 -5.936240803342903E-01 -7.522456276310100E-01  2.778453576721135E-02 -2.525501720711045E+01  1.300116938895262E+00  1.300224295351952E+00  2.490886020357615E-04  1.743619270534792E-02  2.414920779550018E-02 -1.306424264188458E-02 -9.159994019385977E-02     19.3 V -0.64   2.824683703549325E+02  5.811103698838841E+01 -5.145124121772755E-01 -5.494746968112344E-01
  A   C    703 2456223.003920   64.191671   33.435387 -1.252453613438765E+00 -7.244763658346715E-02 -7.914596156046420E-01  9.733860440386963E-01 -2.657568388116044E+01  1.300116755381933E+00  1.300224372505449E+00  2.489358802002114E-04  1.742250397630364E-02  2.415336161175112E-02 -1.306424717686035E-02 -9.159991684547032E-02     19.9 V -0.04   2.823238255017274E+02  5.859813061051761E+01  1.185728557230572E-01 -1.248931219783975E+00
  A   C    703 2456222.991910   64.186046   33.428609 -1.553250520142513E-01  5.983439291310637E-01  3.958566105826253E-01  4.748040365974842E-01  1.330496810082985E+01  1.300115543241581E+00  1.300224925077609E+00  2.479450426902668E-04  1.733181595585430E-02  2.418309035356625E-02 -1.306428038726437E-02 -9.159974586121666E-02     19.1 V -0.84   2.813053528102874E+02  6.217488480923206E+01  6.131367406051422E-01 -7.876970630965469E-02
  A   C    703 2456222.986300   64.183504   33.425137  5.830203298739410E-01 -1.800449025384805E-01  1.925026485607731E-01 -5.790264262307010E-01  6.472607953261886E+00  1.300115018721327E+00  1.300225188378896E+00  2.475263643787177E-04  1.729242586239234E-02  2.419724328070335E-02 -1.306429590020023E-02 -9.159966599263819E-02     19.6 V -0.34   2.808578797866522E+02  6.385004337412495E+01 -2.450358433179984E-01  5.588258292770799E-01
  A   C    703 2456222.980780   64.180629   33.421914  1.667312833382838E-01 -2.393867021187432E-01 -9.818602084520674E-02 -2.747086079930944E-01 -3.302435712229785E+00  1.300114516527829E+00  1.300225467966665E+00  2.471386697658565E-04  1.725462821844211E-02  2.421226254815903E-02 -1.306431116426613E-02 -9.159958740537033E-02     19.3 V -0.64   2.804395815410197E+02  6.550047445695290E+01 -2.550015452681943E-01  1.417022438283100E-01
  A   C    703 2456222.975200   64.177796   33.418942 -5.304806445750888E-02  7.341329398567153E-01  5.676823217364491E-01  4.685104610499818E-01  1.909861391077694E+01  1.300114036358685E+00  1.300225773162202E+00  2.467868437151367E-04  1.721841069246014E-02  2.422864678735901E-02 -1.306432659424448E-02 -9.159950796389982E-02     19.3 V -0.64   2.800427764973433E+02  6.717116552586670E+01  7.359525742243783E-01  1.179317677871138E-02
